-0.197272 
-0.492606 
-0.91772 
-1.47092 
-2.15012 
-2.95297 
-3.877 
-4.91984 
-6.07929 
-7.35355 
-8.74128 
-10.2418 
-11.8551 
-13.5821 
-15.4246 
-17.3857 
-19.4696 
-21.682 
-24.0305 
-26.5246 
-29.1766 
-32.0019 
-35.0202 
-38.2569 
-41.7449 
-45.5282 
-49.6675 
-54.249 
-59.4021 
-65.3286 
-72.3118 
-80.1 
-86.5626 
-91.2737 
-94.701 
-97.1916 
-98.9744 
-100.208 
-101.007 
-101.459 
-101.631 
-101.579 
-101.345 
-100.968 
-100.478 
-99.8996 
-99.2566 
-98.5671 
-97.8473 
-97.1106 
-96.3686 
-95.6306 
-94.9048 
-94.1974 
-93.5138 
-92.8579 
-92.2329 
-91.6411 
-91.084 
-90.5628 
-90.0779 
-89.6295 
-89.2173 
-88.8409 
-88.4996 
-88.1924 
-87.9184 
-87.6763 
-87.4651 
-87.2834 
-87.1297 
-87.0028 
-86.9012 
-86.8234 
-86.7679 
-86.7333 
-86.7181 
-86.7207 
-86.7396 
-86.7733 
-86.8203 
-86.8791 
-86.9482 
-87.0261 
-87.1114 
-87.2026 
-87.2984 
-87.3972 
-87.4979 
-87.5991 
-87.6996 
-87.7982 
-87.8937 
-87.9851 
-88.0714 
-88.1517 
-88.2251 
-88.2907 
-88.348 
-88.3962 
-88.4348 
-88.4633 
-88.4814 
-88.4885 
-88.4845 
-88.4692 
-88.4423 
-88.4037 
-88.3534 
-88.2914 
-88.2175 
-88.1318 
-88.0344 
-87.9252 
-87.8043 
-87.6719 
-87.5278 
-87.3722 
-87.2051 
-87.0266 
-86.8367 
-86.6355 
-86.4233 
-86.2002 
-85.9667 
-85.7233 
-85.4706 
-85.2095 
-84.941 
-84.6661 
-84.386 
-84.1016 
-83.8141 
-83.5244 
-83.2333 
-82.9416 
-82.6498 
-82.3586 
-82.0683 
-81.7792 
-81.4918 
-81.2061 
-80.9223 
-80.6405 
-80.3609 
-80.0834 
-79.8081 
-79.5348 
-79.2635 
-78.9942 
-78.7267 
-78.4609 
-78.1966 
-77.9336 
-77.6717 
-77.4107 
-77.1504 
-76.8905 
-76.6307 
-76.3707 
-76.1104 
-75.8493 
-75.5872 
-75.3239 
-75.0589 
-74.7921 
-74.5232 
-74.2519 
-73.978 
-73.7013 
-73.4216 
-73.1388 
-72.8528 
-72.5636 
-72.2712 
-71.9758 
-71.6776 
-71.3769 
-71.0741 
-70.77 
-70.4653 
-70.1608 
-69.8576 
-69.557 
-69.2604 
-68.9692 
-68.6851 
-68.4099 
-68.1453 
-67.8931 
-67.655 
-67.4329 
-67.2284 
-67.0431 
-66.8787 
-66.7366 
-66.6183 
-66.5253 
-66.4591 
-66.4211 
-66.413 
-66.4364 
-66.4932 
-66.5855 
-66.7155 
-66.8859 
-67.1001 
-67.3617 
-67.6755 
-68.0474 
-68.4849 
-68.998 
-69.6008 
-70.3133 
-71.1664 
-72.2066 
-73.4514 
-74.6331 
-75.5857 
-76.3562 
-76.9898 
-77.5158 
-77.9542 
-78.319 
-78.6207 
-78.8673 
-79.0653 
-79.22 
-79.3358 
-79.4162 
-79.4645 
-79.4836 
-79.4758 
-79.4435 
-79.3886 
-79.313 
-79.2186 
-79.107 
-78.9798 
-78.8388 
-78.6854 
-78.5212 
-78.3477 
-78.1663 
-77.9784 
-77.7853 
-77.5883 
-77.3885 
-77.1868 
-76.9841 
-76.7811 
-76.5785 
-76.3768 
-76.1764 
-75.9777 
-75.781 
-75.5865 
-75.3944 
-75.2049 
-75.018 
-74.834 
-74.6528 
-74.4747 
-74.2996 
-74.1276 
-73.9589 
-73.7936 
-73.6316 
-73.4732 
-73.3183 
-73.1673 
-73.0201 
-72.8769 
-72.7378 
-72.6031 
-72.4729 
-72.3474 
-72.2268 
-72.1113 
-72.0013 
-71.897 
-71.7987 
-71.7068 
-71.6217 
-71.5438 
-71.4735 
-71.4115 
-71.3583 
-71.3144 
-71.2806 
-71.2573 
-71.2454 
-71.2454 
-71.2578 
-71.2833 
-71.322 
-71.3744 
-71.4407 
-71.5209 
-71.6151 
-71.7231 
-71.845 
-71.9805 
-72.1296 
-72.292 
-72.4677 
-72.6566 
-72.8585 
-73.0735 
-73.3014 
-73.5424 
-73.7963 
-74.0634 
-74.3437 
-74.6372 
-74.9443 
-75.2649 
-75.5995 
-75.9481 
-76.3111 
-76.6889 
-77.0817 
-77.4901 
-77.9145 
-78.3555 
-78.8137 
-79.2899 
-79.785 
-80.3 
-80.8361 
-81.3948 
-81.9779 
-82.5874 
-83.2261 
-83.8974 
-84.6055 
-85.3563 
-86.1577 
-87.021 
-87.9636 
-89.0122 
-90.194 
-91.4021 
-92.4672 
-93.4028 
-94.2401 
-94.9999 
-95.6958 
-96.3373 
-96.9316 
-97.4838 
-97.9981 
-98.4779 
-98.9258 
-99.3443 
-99.7353 
-100.1 
-100.441 
-100.759 
-101.055 
-101.33 
-101.585 
-101.821 
-102.039 
-102.239 
-102.421 
-102.588 
-102.738 
-102.873 
-102.993 
-103.098 
-103.189 
-103.265 
-103.328 
-103.377 
-103.412 
-103.434 
-103.443 
-103.439 
-103.423 
-103.393 
-103.351 
-103.297 
-103.231 
-103.154 
-103.067 
-102.969 
-102.862 
-102.745 
-102.621 
-102.49 
-102.352 
-102.208 
-102.059 
-101.905 
-101.747 
-101.585 
-101.419 
-101.251 
-101.079 
-100.906 
-100.73 
-100.552 
-100.372 
-100.191 
-100.008 
-99.8237 
-99.6385 
-99.4522 
-99.265 
-99.077 
-98.8882 
-98.6988 
-98.5088 
-98.3184 
-98.1276 
-97.9364 
-97.7449 
-97.5533 
-97.3615 
-97.1697 
-96.9779 
-96.7863 
-96.595 
-96.404 
-96.2136 
-96.024 
-95.8353 
-95.648 
-95.4622 
-95.2785 
-95.0972 
-94.9188 
-94.7441 
-94.5736 
-94.4081 
-94.2483 
-94.095 
-93.9492 
-93.8117 
-93.6833 
-93.5649 
-93.4575 
-93.3619 
-93.2791 
-93.2099 
-93.1556 
-93.1171 
-93.0957 
-93.0928 
-93.11 
-93.1494 
-93.2131 
-93.3042 
-93.4264 
-93.5847 
-93.7858 
-94.0397 
-94.3614 
-94.7735 
-95.2821 
-95.7565 
-96.1248 
-96.4095 
-96.6309 
-96.8024 
-96.933 
-97.0289 
-97.0949 
-97.1347 
-97.151 
-97.1463 
-97.1225 
-97.0813 
-97.0239 
-96.9518 
-96.8659 
-96.7672 
-96.6566 
-96.5349 
-96.4029 
-96.2612 
-96.1105 
-95.9515 
-95.7849 
-95.6113 
-95.4313 
-95.2456 
-95.0549 
-94.86 
-94.6615 
-94.4603 
-94.257 
-94.0525 
-93.8474 
-93.6426 
-93.4386 
-93.2362 
-93.0359 
-92.8381 
-92.6435 
-92.4522 
-92.2646 
-92.081 
-91.9015 
-91.7263 
-91.5555 
-91.389 
-91.227 
-91.0694 
-90.9162 
-90.7674 
-90.6228 
-90.4825 
-90.3463 
-90.2143 
-90.0862 
-89.962 
-89.8417 
-89.7251 
-89.6121 
-89.5028 
-89.3969 
-89.2944 
-89.1954 
-89.0996 
-89.0071 
-88.9177 
-88.8316 
-88.7486 
-88.6688 
-88.5921 
-88.5186 
-88.4483 
-88.3812 
-88.3173 
-88.2569 
-88.1999 
-88.1465 
-88.0968 
-88.0509 
-88.009 
-87.9713 
-87.938 
-87.9092 
-87.8852 
-87.866 
-87.8517 
-87.8425 
-87.8382 
-87.8387 
-87.8437 
-87.8528 
-87.8655 
-87.8812 
-87.8995 
-87.9197 
-87.9414 
-87.9641 
-87.9875 
-88.0112 
-88.0352 
-88.0591 
-88.0829 
-88.1064 
-88.1296 
-88.1524 
-88.1748 
-88.1967 
-88.2179 
-88.2385 
-88.2584 
-88.2774 
-88.2956 
-88.3127 
-88.3287 
-88.3434 
-88.3568 
-88.3687 
-88.379 
-88.3876 
-88.3942 
-88.3989 
-88.4015 
-88.4017 
-88.3996 
-88.395 
-88.3878 
-88.3778 
-88.365 
-88.3493 
-88.3306 
-88.3088 
-88.2838 
-88.2556 
-88.2242 
-88.1894 
-88.1513 
-88.1098 
-88.065 
-88.0167 
-87.965 
-87.9099 
-87.8515 
-87.7896 
-87.7245 
-87.656 
-87.5842 
-87.5092 
-87.431 
-87.3497 
-87.2654 
-87.178 
-87.0878 
-86.9947 
-86.899 
-86.8007 
-86.6998 
-86.5967 
-86.4914 
-86.3842 
-86.2752 
-86.1646 
-86.0528 
-85.9401 
-85.8267 
-85.7132 
-85.5999 
-85.4873 
-85.376 
-85.2667 
-85.16 
-85.0568 
-84.9579 
-84.8642 
-84.7768 
-84.6969 
-84.6256 
-84.5645 
-84.5149 
-84.4787 
-84.4579 
-84.4549 
-84.4725 
-84.5144 
-84.5857 
-84.6932 
-84.8474 
-85.0638 
-85.3521 
-85.6315 
-85.8366 
-85.9809 
-86.0797 
-86.143 
-86.1774 
-86.1875 
-86.1769 
-86.1482 
-86.1034 
-86.0445 
-85.9726 
-85.8891 
-85.7949 
-85.6911 
-85.5783 
-85.4574 
-85.329 
-85.1937 
-85.0521 
-84.9049 
-84.7524 
-84.5954 
-84.4344 
-84.2699 
-84.1025 
-83.9328 
-83.7614 
-83.5889 
-83.4161 
-83.2435 
-83.072 
-82.902 
-82.7345 
-82.5701 
-82.4095 
-82.2534 
-82.1025 
-81.9576 
-81.8193 
-81.6883 
-81.5654 
-81.4514 
-81.3469 
-81.253 
-81.1705 
-81.1004 
-81.0441 
-81.0029 
-80.9786 
-80.9734 
-80.99 
-81.0321 
-81.105 
-81.2162 
-81.3776 
-81.6047 
-81.8741 
-82.0889 
-82.24 
-82.3433 
-82.4101 
-82.4478 
-82.4614 
-82.4546 
-82.4301 
-82.3903 
-82.3369 
-82.2713 
-82.195 
-82.1091 
-82.0146 
-81.9123 
-81.8033 
-81.6883 
-81.5681 
-81.4435 
-81.3152 
-81.1839 
-81.0502 
-80.9148 
-80.7783 
-80.6414 
-80.5044 
-80.368 
-80.2325 
-80.0984 
-79.9662 
-79.836 
-79.7082 
-79.5831 
-79.4608 
-79.3417 
-79.2259 
-79.1135 
-79.0046 
-78.8994 
-78.798 
-78.7005 
-78.6068 
-78.5172 
-78.4316 
-78.3501 
-78.2726 
-78.1994 
-78.1303 
-78.0653 
-78.0046 
-77.9481 
-77.8957 
-77.8476 
-77.8037 
-77.7639 
-77.7282 
-77.6967 
-77.6692 
-77.6458 
-77.6263 
-77.6108 
-77.5992 
-77.5913 
-77.5872 
-77.5867 
-77.5898 
-77.5964 
-77.6063 
-77.6195 
-77.6359 
-77.6553 
-77.6776 
-77.7028 
-77.7307 
-77.7613 
-77.7943 
-77.8298 
-77.8676 
-77.9077 
-77.9499 
-77.9943 
-78.0406 
-78.089 
-78.1394 
-78.1917 
-78.2459 
-78.302 
-78.3599 
-78.4196 
-78.4811 
-78.5441 
-78.6086 
-78.6742 
-78.7405 
-78.8072 
-78.8734 
-78.9383 
-79.0009 
-79.0603 
-79.1152 
-79.1647 
-79.2079 
-79.2444 
-79.2737 
-79.2958 
-79.3109 
-79.319 
-79.3207 
-79.3163 
-79.3062 
-79.2908 
-79.2704 
-79.2453 
-79.216 
-79.1825 
-79.1452 
-79.1043 
-79.0599 
-79.0121 
-78.9612 
-78.9071 
-78.85 
-78.79 
-78.7271 
-78.6614 
-78.5928 
-78.5215 
-78.4475 
-78.3707 
-78.2912 
-78.209 
-78.1242 
-78.0366 
-77.9464 
-77.8535 
-77.7579 
-77.6597 
-77.5588 
-77.4552 
-77.349 
-77.2402 
-77.1287 
-77.0147 
-76.8981 
-76.779 
-76.6574 
-76.5333 
-76.4069 
-76.2781 
-76.1471 
-76.0141 
-75.879 
-75.7421 
-75.6036 
-75.4637 
-75.3226 
-75.1806 
-75.038 
-74.8952 
-74.7526 
-74.6105 
-74.4694 
-74.3298 
-74.1922 
-74.0569 
-73.9244 
-73.7953 
-73.6699 
-73.5487 
-73.4321 
-73.3204 
-73.2142 
-73.1137 
-73.0194 
-72.9317 
-72.8509 
-72.7776 
-72.7123 
-72.6554 
-72.6076 
-72.5697 
-72.5423 
-72.5265 
-72.5236 
-72.5349 
-72.5624 
-72.6087 
-72.6771 
-72.7727 
-72.9031 
-73.0798 
-73.3077 
-73.523 
-73.6846 
-73.8032 
-73.8894 
-73.9501 
-73.9899 
-74.0121 
-74.0191 
-74.0127 
-73.9944 
-73.9654 
-73.9268 
-73.8792 
-73.8236 
-73.7605 
-73.6906 
-73.6144 
-73.5324 
-73.4451 
-73.3531 
-73.2569 
-73.1568 
-73.0535 
-72.9474 
-72.839 
-72.7288 
-72.6174 
-72.5052 
-72.3926 
-72.2802 
-72.1682 
-72.057 
-71.947 
-71.8385 
-71.7316 
-71.6266 
-71.5238 
-71.4232 
-71.325 
-71.2294 
-71.1364 
-71.0462 
-70.9588 
-70.8745 
-70.7932 
-70.715 
-70.6401 
-70.5686 
-70.5006 
-70.4361 
-70.3754 
-70.3185 
-70.2657 
-70.217 
-70.1727 
-70.1329 
-70.098 
-70.0683 
-70.0439 
-70.0254 
-70.0131 
-70.0076 
-70.0093 
-70.019 
-70.0376 
-70.0659 
-70.1051 
-70.1567 
-70.2223 
-70.3042 
-70.4051 
-70.5288 
-70.6804 
-70.8674 
-71.1011 
-71.3872 
-71.6692 
-71.9081 
-72.1138 
-72.2967 
-72.4635 
-72.6189 
-72.766 
-72.9073 
-73.0444 
-73.1789 
-73.3116 
-73.4435 
-73.5752 
-73.7072 
-73.84 
-73.974 
-74.1094 
-74.2466 
-74.3858 
-74.5272 
-74.6711 
-74.8176 
-74.967 
-75.1196 
-75.2755 
-75.4351 
-75.5985 
-75.7662 
-75.9383 
-76.1153 
-76.2975 
-76.4854 
-76.6795 
-76.8802 
-77.0881 
-77.3041 
-77.5287 
-77.763 
-78.0081 
-78.2653 
-78.5363 
-78.8233 
-79.129 
-79.4575 
-79.8148 
-80.2097 
-80.6524 
-81.1128 
-81.5308 
-81.9087 
-82.2571 
-82.5833 
-82.8922 
-83.1871 
-83.4707 
-83.745 
-84.0114 
-84.2715 
-84.5264 
-84.777 
-85.0244 
-85.2694 
-85.5127 
-85.7553 
-85.9978 
-86.2411 
-86.4859 
-86.7331 
-86.9835 
-87.2384 
-87.4988 
-87.7662 
-88.0426 
-88.3304 
-88.6331 
-88.956 
-89.3073 
-89.6969 
-90.1009 
-90.4561 
-90.7619 
-91.0285 
-91.2625 
-91.4685 
-91.6494 
-91.8074 
-91.9443 
-92.0614 
-92.1601 
-92.2417 
-92.3073 
-92.3582 
-92.3956 
-92.4206 
-92.4345 
-92.4381 
-92.4326 
-92.4188 
-92.3975 
-92.3694 
-92.3352 
-92.2954 
-92.2505 
-92.201 
-92.1471 
-92.0893 
-92.0278 
-91.9627 
-91.8945 
-91.8231 
-91.7488 
-91.6718 
-91.592 
-91.5098 
-91.4251 
-91.3381 
-91.2488 
-91.1572 
-91.0636 
-90.9679 
-90.8702 
-90.7705 
-90.6689 
-90.5655 
-90.4603 
-90.3534 
-90.2448 
-90.1346 
-90.0228 
-89.9095 
-89.7949 
-89.679 
-89.562 
-89.4439 
-89.3249 
-89.2053 
-89.0851 
-88.9648 
-88.8445 
-88.7246 
-88.6054 
-88.4873 
-88.3707 
-88.256 
-88.1438 
-88.0344 
-87.9283 
-87.8259 
-87.7278 
-87.6343 
-87.546 
-87.4633 
-87.3867 
-87.3167 
-87.2538 
-87.1988 
-87.1524 
-87.1153 
-87.0887 
-87.0738 
-87.0722 
-87.0863 
-87.119 
-87.1747 
-87.2605 
-87.3858 
-87.5438 
-87.674 
-87.7636 
-87.8224 
-87.8576 
-87.8742 
-87.8753 
-87.8632 
-87.8396 
-87.8059 
-87.7631 
-87.7121 
-87.6536 
-87.5883 
-87.5165 
-87.4388 
-87.3556 
-87.2671 
-87.1738 
-87.0759 
-86.9737 
-86.8674 
-86.7572 
-86.6434 
-86.5262 
-86.4059 
-86.2827 
-86.1568 
-86.0286 
-85.8982 
-85.766 
-85.6322 
-85.4973 
-85.3616 
-85.2253 
-85.089 
-84.9529 
-84.8173 
-84.6827 
-84.5492 
-84.4173 
-84.2872 
-84.159 
-84.0331 
-83.9095 
-83.7885 
-83.6702 
-83.5546 
-83.442 
-83.3323 
-83.2257 
-83.1223 
-83.0221 
-82.9251 
-82.8315 
-82.7413 
-82.6546 
-82.5715 
-82.4919 
-82.4161 
-82.344 
-82.2759 
-82.2116 
-82.1515 
-82.0956 
-82.044 
-81.9969 
-81.9546 
-81.9171 
-81.8848 
-81.8579 
-81.8368 
-81.822 
-81.8137 
-81.8128 
-81.8198 
-81.8358 
-81.8618 
-81.8994 
-81.9505 
-82.0181 
-82.1061 
-82.2209 
-82.3714 
-82.5558 
-82.7204 
-82.8475 
-82.9467 
-83.0255 
-83.0895 
-83.1426 
-83.1879 
-83.2281 
-83.2655 
-83.3021 
-83.3399 
-83.3804 
-83.4254 
-83.4762 
-83.5345 
-83.6019 
-83.6802 
-83.7714 
-83.8784 
-84.005 
-84.1569 
-84.3424 
-84.5645 
-84.776 
-84.9491 
-85.0915 
-85.2109 
-85.312 
-85.3981 
-85.4715 
-85.5338 
-85.5862 
-85.6299 
-85.6654 
-85.6936 
-85.715 
-85.73 
-85.739 
-85.7424 
-85.7404 
-85.7333 
-85.7215 
-85.705 
-85.6841 
-85.6589 
-85.6297 
-85.5966 
-85.5597 
-85.5192 
-85.4752 
-85.4279 
-85.3772 
-85.3234 
-85.2665 
-85.2067 
-85.144 
-85.0786 
-85.0104 
-84.9397 
-84.8664 
-84.7907 
-84.7126 
-84.6322 
-84.5496 
-84.4648 
-84.3779 
-84.289 
-84.1982 
-84.1054 
-84.0108 
-83.9144 
-83.8164 
-83.7166 
-83.6153 
-83.5125 
-83.4083 
-83.3028 
-83.196 
-83.088 
-82.979 
-82.8691 
-82.7584 
-82.6471 
-82.5353 
-82.4232 
-82.3111 
-82.1992 
-82.0879 
-81.9773 
-81.8679 
-81.7601 
-81.6543 
-81.5509 
-81.4505 
-81.3537 
-81.2609 
-81.1729 
-81.0904 
-81.0142 
-80.9452 
-80.8843 
-80.8328 
-80.7923 
-80.7648 
-80.7528 
-80.7603 
-80.7931 
-80.8595 
-80.955 
-81.0283 
-81.0669 
-81.0789 
-81.0709 
-81.0469 
-81.0098 
-80.9616 
-80.9038 
-80.8376 
-80.7639 
-80.6835 
-80.597 
-80.5049 
-80.4078 
-80.3061 
-80.2002 
-80.0903 
-79.9769 
-79.8603 
-79.7407 
-79.6186 
-79.494 
-79.3675 
-79.2393 
-79.1097 
-78.979 
-78.8477 
-78.7161 
-78.5846 
-78.4536 
-78.3235 
-78.1947 
-78.0678 
-77.9431 
-77.8212 
-77.7025 
-77.5874 
-77.4766 
-77.3705 
-77.2697 
-77.1748 
-77.0865 
-77.0055 
-76.9328 
-76.8694 
-76.8166 
-76.7763 
-76.7507 
-76.7435 
-76.7598 
-76.8073 
-76.8867 
-76.9525 
-76.9841 
-76.9891 
-76.9741 
-76.9433 
-76.8995 
-76.8449 
-76.7809 
-76.7087 
-76.6292 
-76.5432 
-76.4513 
-76.354 
-76.2518 
-76.1452 
-76.0344 
-75.9198 
-75.8017 
-75.6805 
-75.5564 
-75.4297 
-75.3007 
-75.1697 
-75.0369 
-74.9026 
-74.7671 
-74.6307 
-74.4937 
-74.3563 
-74.2188 
-74.0815 
-73.9446 
-73.8083 
-73.6729 
-73.5385 
-73.4054 
-73.2737 
-73.1436 
-73.0153 
-72.8887 
-72.7641 
-72.6416 
-72.5212 
-72.4031 
-72.2872 
-72.1738 
-72.0628 
-71.9543 
-71.8484 
-71.7451 
-71.6445 
-71.5467 
-71.4517 
-71.3595 
-71.2703 
-71.1841 
-71.101 
-71.0209 
-70.9441 
-70.8706 
-70.8004 
-70.7336 
-70.6704 
-70.6108 
-70.555 
-70.5029 
-70.4549 
-70.411 
-70.3713 
-70.336 
-70.3053 
-70.2795 
-70.2586 
-70.2431 
-70.2333 
-70.2294 
-70.2319 
-70.2415 
-70.2586 
-70.2842 
-70.3193 
-70.3653 
-70.4241 
-70.4986 
-70.5927 
-70.7131 
-70.8658 
-71.0226 
-71.147 
-71.2431 
-71.3179 
-71.376 
-71.4206 
-71.4538 
-71.4776 
-71.4931 
-71.5018 
-71.5048 
-71.5033 
-71.4983 
-71.4911 
-71.4831 
-71.4757 
-71.4702 
-71.4684 
-71.4718 
-71.4825 
-71.5026 
-71.5346 
-71.582 
-71.6497 
