0.00870255   
0.625674   
0.868559   
0.948722   
0.982616   
0.994372   
0.997123   
0.998999   
0.999499   
0.999499   
1   
1   
1   
1   
1   
1   
1   
1   
1   
1   
1   
1   
1   
1   
1   
1   
1   
1   
1   
1   
1   
1   
1   
1   
1   
1   
1   
1   
1   
1   
1   
1   
1   
1   
1   
1   
1   
1   
1   
1   
1   
1   
1   
1   
1   
1   
1   
1   
1   
1   
1   
1   
1   
1   
1   
1   
1   
1   
1   
1   
1   
1   
1   
1   
1   
1   
1   
1   
1   
1   
1   
1   
1   
1   
1   
1   
1   
1   
1   
1   
1   
1   
1   
1   
1   
1   
1   
1   
1   
1   
1   
