-6.4823e-05   
-0.631804   
-0.863059   
-0.947351   
-0.981991   
-0.99575   
-0.997999   
-0.99975   
-0.999875   
-1   
-1   
-1   
-1   
-1   
-1   
-1   
-1   
-1   
-1   
-1   
-1   
-1   
-1   
-1   
-1   
-1   
-1   
-1   
-1   
-1   
-1   
-1   
-1   
-1   
-1   
-1   
-1   
-1   
-1   
-1   
-1   
-1   
-1   
-1   
-1   
-1   
-1   
-1   
-1   
-1   
-1   
-1   
-1   
-1   
-1   
-1   
-1   
-1   
-1   
-1   
-1   
-1   
-1   
-1   
-1   
-1   
-1   
-1   
-1   
-1   
-1   
-1   
-1   
-1   
-1   
-1   
-1   
-1   
-1   
-1   
-1   
-1   
-1   
-1   
-1   
-1   
-1   
-1   
-1   
-1   
-1   
-1   
-1   
-1   
-1   
-1   
-1   
-1   
-1   
-1   
-1   
