0.0139449   
0.013959   
0.0141986   
0.0103222   
0.01472   
-0.00694569   
-0.00706032   
-0.0232074   
0.00856445   
-0.00395996   
0.0155506   
0.0280853   
0.0170866   
0.00619504   
-0.024457   
-0.00568021   
-0.0159508   
-0.00981774   
0.00256764   
0.00382186   
0.0240915   
0.0018029   
-0.0138294   
0.00318584   
0.0138284   
0.0109498   
0.0218292   
0.0416131   
0.00807403   
0.00156801   
0.0178457   
0.0029425   
-0.00618471   
-0.0124577   
-0.026847   
-0.071273   
-0.060621   
-0.035217   
-0.0135804   
-0.0149615   
-0.0164534   
-0.0257149   
-0.0293461   
-0.0227179   
-0.00846109   
0.00744551   
0.015589   
-0.0157121   
-0.00943537   
-0.00844513   
0.00581548   
0.00419485   
0.0187101   
0.00117626   
0.0260926   
0.0132093   
0.000456576   
-5.73145e-05   
0.000313791   
0.00830891   
0.00606914   
0.00354474   
0.00356351   
-0.0289572   
-0.0446138   
-0.0409846   
0.0118283   
-0.0289731   
-0.0234733   
-0.0100733   
0.0115859   
-0.00708097   
-0.0456088   
-0.00932356   
-0.0731482   
-0.0441178   
-0.027096   
-0.0248544   
-0.00657459   
0.0217174   
-0.00131529   
-0.0472275   
-0.0413585   
0.000436867   
-0.0450009   
-0.0573835   
-0.036599   
-0.0596223   
-0.0152039   
-0.0501212   
-0.0567531   
-0.0731435   
-0.0029303   
-0.00719654   
-0.00546409   
-0.0170951   
-0.0559977   
-0.0388632   
-0.0556153   
-0.00407552   
-0.00256952   
