0.0139449   
0.0776503   
0.19964   
0.313018   
0.444775   
0.551239   
0.6173   
0.635794   
0.648424   
0.665314   
0.6797   
0.672566   
0.663801   
0.656168   
0.655806   
0.657934   
0.655187   
0.649422   
0.658307   
0.656444   
0.672566   
0.670946   
0.659434   
0.659929   
0.654926   
0.651933   
0.654564   
0.667441   
0.65193   
0.652808   
0.669935   
0.670305   
0.666559   
0.664433   
0.660058   
0.657189   
0.647553   
0.636306   
0.636918   
0.641555   
0.669198   
0.658555   
0.661053   
0.664553   
0.654176   
0.663435   
0.658437   
0.663687   
0.66693   
0.664181   
0.653306   
0.661314   
0.667694   
0.661314   
0.661943   
0.655183   
0.656181   
0.662805   
0.652307   
0.644798   
0.651436   
0.655565   
0.660685   
0.665182   
0.661177   
0.667063   
0.670819   
0.670303   
0.665688   
0.654561   
0.662573   
0.672063   
0.664438   
0.68295   
0.677566   
0.678812   
0.659435   
0.668567   
0.677566   
0.672938   
0.682193   
0.676186   
0.675059   
0.676558   
0.669315   
0.667307   
0.672806   
0.65755   
0.654429   
0.654189   
0.671695   
0.654307   
0.659569   
0.660686   
0.667435   
0.659682   
0.675806   
0.675569   
0.662686   
0.668187   
0.670818   
