0.0139449   
0.390658   
0.712207   
0.847246   
0.906635   
0.929142   
0.943892   
0.948519   
0.949144   
0.952768   
0.953642   
0.954017   
0.956641   
0.956516   
0.957016   
0.954767   
0.953018   
0.953268   
0.958141   
0.952393   
0.956266   
0.950394   
0.953268   
0.954142   
0.951768   
0.950019   
0.953892   
0.949644   
0.952768   
0.951768   
0.952643   
0.954267   
0.949144   
0.951518   
0.954392   
0.949269   
0.954892   
0.948894   
0.953018   
0.951643   
0.953892   
0.955142   
0.956141   
0.958641   
0.958765   
0.951018   
0.950269   
0.952643   
0.951143   
0.953268   
0.953517   
0.951893   
0.952393   
0.952768   
0.952018   
0.950269   
0.957016   
0.954517   
0.956141   
0.954267   
0.955517   
0.956391   
0.953392   
0.955267   
0.951893   
0.951643   
0.953143   
0.955142   
0.948644   
0.949894   
0.952518   
0.951143   
0.951518   
0.952768   
0.954517   
0.951518   
0.953517   
0.957391   
0.958765   
0.954767   
0.953767   
0.952518   
0.955017   
0.951518   
0.949394   
0.954017   
0.954767   
0.951143   
0.948019   
0.948269   
0.949144   
0.951393   
0.954142   
0.952518   
0.956016   
0.952892   
0.953142   
0.95789   
0.957391   
0.956891   
0.954767   
