0.0139449   
0.221792   
0.542425   
0.701763   
0.782418   
0.823426   
0.845428   
0.851555   
0.857177   
0.855553   
0.859551   
0.861049   
0.860176   
0.857549   
0.859801   
0.857304   
0.852055   
0.85143   
0.861674   
0.856303   
0.860676   
0.854555   
0.856428   
0.861801   
0.859302   
0.858928   
0.857803   
0.849804   
0.850803   
0.851929   
0.858427   
0.860051   
0.857428   
0.856676   
0.861049   
0.862551   
0.855303   
0.854429   
0.854927   
0.851054   
0.866299   
0.866674   
0.860425   
0.862801   
0.868174   
0.852555   
0.853429   
0.857676   
0.857052   
0.858551   
0.855302   
0.851931   
0.857553   
0.857054   
0.855677   
0.858551   
0.870049   
0.863176   
0.860051   
0.853054   
0.856553   
0.858174   
0.852801   
0.863176   
0.860176   
0.861302   
0.862801   
0.867299   
0.864923   
0.863923   
0.863799   
0.859927   
0.855303   
0.859427   
0.859676   
0.86105   
0.858802   
0.860551   
0.865176   
0.860052   
0.860176   
0.8598   
0.856052   
0.853426   
0.85268   
0.862302   
0.861176   
0.85268   
0.853303   
0.846806   
0.855678   
0.855804   
0.86005   
0.858677   
0.866299   
0.859552   
0.8613   
0.866047   
0.865173   
0.860301   
0.852052   
