0.0139449   
0.0443639   
0.0946608   
0.120566   
0.181396   
0.248843   
0.339306   
0.409117   
0.461796   
0.518343   
0.533994   
0.549252   
0.539979   
0.531089   
0.520844   
0.549122   
0.549879   
0.527099   
0.518219   
0.540388   
0.558378   
0.575151   
0.543111   
0.530359   
0.539854   
0.555004   
0.551509   
0.547121   
0.534112   
0.532356   
0.542742   
0.54736   
0.565893   
0.564891   
0.548375   
0.552134   
0.536997   
0.526618   
0.531742   
0.538745   
0.561767   
0.560001   
0.562753   
0.570131   
0.544374   
0.554381   
0.547999   
0.541498   
0.554756   
0.54724   
0.538865   
0.558373   
0.553002   
0.556619   
0.552264   
0.541619   
0.542747   
0.55175   
0.545376   
0.534486   
0.531115   
0.522983   
0.528109   
0.533475   
0.528463   
0.536483   
0.526732   
0.522224   
0.533743   
0.534732   
0.545622   
0.555749   
0.563506   
0.588276   
0.574263   
0.569384   
0.550997   
0.555005   
0.57538   
0.55099   
0.563377   
0.565004   
0.558002   
0.574507   
0.574147   
0.56301   
0.568003   
0.56888   
0.55087   
0.561627   
0.571892   
0.552386   
0.531365   
0.53711   
0.536867   
0.554245   
0.573884   
0.562007   
0.541363   
0.538978   
0.55199   
