-0.107894 
-0.269885 
-0.504148 
-0.810961 
-1.19069 
-1.64378 
-2.17081 
-2.77243 
-3.44945 
-4.20283 
-5.03369 
-5.94334 
-6.9333 
-8.00536 
-9.16158 
-10.4044 
-11.7365 
-13.1612 
-14.6822 
-16.3037 
-18.031 
-19.8697 
-21.8269 
-23.9106 
-26.1306 
-28.4983 
-31.0277 
-33.736 
-36.6446 
-39.7805 
-43.1791 
-46.8878 
-50.9724 
-55.5291 
-60.7051 
-66.7265 
-73.7417 
-80.4528 
-85.6294 
-89.5721 
-92.6182 
-94.9912 
-96.8422 
-98.279 
-99.3816 
-100.212 
-100.818 
-101.24 
-101.51 
-101.655 
-101.696 
-101.654 
-101.544 
-101.381 
-101.177 
-100.943 
-100.687 
-100.418 
-100.144 
-99.8701 
-99.6026 
-99.3467 
-99.1068 
-98.8871 
-98.6913 
-98.5228 
-98.3848 
-98.28 
-98.2113 
-98.1812 
-98.192 
-98.2462 
-98.346 
-98.4937 
-98.6915 
-98.9419 
-99.2472 
-99.61 
-100.033 
-100.519 
-101.072 
-101.694 
-102.39 
-103.164 
-104.022 
-104.969 
-106.012 
-107.159 
-108.42 
-109.808 
-111.337 
-113.027 
-114.905 
-117.008 
-119.39 
-122.136 
-125.352 
-128.826 
-131.874 
-134.473 
-136.75 
-138.798 
-140.678 
-142.438 
-144.116 
-145.744 
-147.354 
-148.978 
-150.651 
-152.417 
-154.335 
-156.489 
-158.967 
-161.468 
-163.477 
-165.039 
-166.259 
-167.21 
-167.94 
-168.484 
-168.868 
-169.115 
-169.239 
-169.257 
-169.178 
-169.014 
-168.773 
-168.463 
-168.09 
-167.661 
-167.181 
-166.655 
-166.087 
-165.481 
-164.841 
-164.17 
-163.471 
-162.748 
-162.002 
-161.236 
-160.452 
-159.652 
-158.838 
-158.013 
-157.177 
-156.333 
-155.482 
-154.625 
-153.764 
-152.901 
-152.035 
-151.17 
-150.306 
-149.444 
-148.586 
-147.732 
-146.884 
-146.043 
-145.21 
-144.386 
-143.573 
-142.771 
-141.982 
-141.207 
-140.447 
-139.703 
-138.976 
-138.268 
-137.58 
-136.913 
-136.269 
-135.649 
-135.054 
-134.486 
-133.947 
-133.438 
-132.962 
-132.52 
-132.115 
-131.749 
-131.426 
-131.148 
-130.92 
-130.746 
-130.632 
-130.585 
-130.614 
-130.732 
-130.953 
-131.303 
-131.817 
-132.55 
-133.504 
-134.35 
-134.945 
-135.344 
-135.597 
-135.736 
-135.785 
-135.757 
-135.665 
-135.519 
-135.325 
-135.09 
-134.819 
-134.517 
-134.186 
-133.832 
-133.456 
-133.061 
-132.65 
-132.226 
-131.789 
-131.341 
-130.886 
-130.424 
-129.956 
-129.484 
-129.01 
-128.535 
-128.059 
-127.584 
-127.111 
-126.642 
-126.176 
-125.715 
-125.26 
-124.811 
-124.37 
-123.937 
-123.512 
-123.097 
-122.693 
-122.299 
-121.917 
-121.547 
-121.19 
-120.847 
-120.518 
-120.203 
-119.903 
-119.62 
-119.353 
-119.104 
-118.873 
-118.66 
-118.467 
-118.294 
-118.143 
-118.013 
-117.907 
-117.824 
-117.766 
-117.735 
-117.731 
-117.756 
-117.81 
-117.897 
-118.017 
-118.172 
-118.365 
-118.596 
-118.87 
-119.188 
-119.553 
-119.968 
-120.437 
-120.963 
-121.55 
-122.202 
-122.921 
-123.71 
-124.569 
-125.494 
-126.474 
-127.489 
-128.51 
-129.504 
-130.445 
-131.318 
-132.118 
-132.842 
-133.493 
-134.076 
-134.595 
-135.054 
-135.458 
-135.812 
-136.119 
-136.382 
-136.605 
-136.791 
-136.943 
-137.063 
-137.153 
-137.216 
-137.253 
-137.266 
-137.257 
-137.227 
-137.178 
-137.111 
-137.027 
-136.927 
-136.813 
-136.686 
-136.546 
-136.395 
-136.233 
-136.061 
-135.881 
-135.693 
-135.497 
-135.295 
-135.087 
-134.874 
-134.657 
-134.437 
-134.214 
-133.99 
-133.764 
-133.538 
-133.313 
-133.089 
-132.867 
-132.649 
-132.435 
-132.225 
-132.022 
-131.826 
-131.638 
-131.459 
-131.291 
-131.135 
-130.993 
-130.865 
-130.755 
-130.664 
-130.594 
-130.548 
-130.53 
-130.543 
-130.593 
-130.685 
-130.828 
-131.035 
-131.323 
-131.721 
-132.252 
-132.788 
-133.183 
-133.46 
-133.647 
-133.764 
-133.825 
-133.839 
-133.813 
-133.753 
-133.661 
-133.543 
-133.401 
-133.237 
-133.054 
-132.853 
-132.636 
-132.405 
-132.161 
-131.905 
-131.639 
-131.362 
-131.077 
-130.784 
-130.484 
-130.179 
-129.867 
-129.551 
-129.232 
-128.908 
-128.583 
-128.255 
-127.926 
-127.597 
-127.267 
-126.938 
-126.61 
-126.283 
-125.958 
-125.637 
-125.318 
-125.003 
-124.692 
-124.386 
-124.085 
-123.79 
-123.502 
-123.22 
-122.945 
-122.678 
-122.42 
-122.17 
-121.93 
-121.701 
-121.481 
-121.274 
-121.078 
-120.895 
-120.726 
-120.571 
-120.431 
-120.308 
-120.203 
-120.116 
-120.05 
-120.006 
-119.986 
-119.993 
-120.029 
-120.098 
-120.205 
-120.356 
-120.56 
-120.828 
-121.18 
-121.642 
-122.186 
-122.649 
-123.006 
-123.286 
-123.508 
-123.685 
-123.826 
-123.937 
-124.024 
-124.09 
-124.139 
-124.174 
-124.196 
-124.208 
-124.213 
-124.21 
-124.202 
-124.191 
-124.177 
-124.161 
-124.145 
-124.13 
-124.116 
-124.105 
-124.097 
-124.094 
-124.096 
-124.105 
-124.12 
-124.144 
-124.177 
-124.22 
-124.274 
-124.34 
-124.42 
-124.514 
-124.625 
-124.755 
-124.904 
-125.076 
-125.274 
-125.501 
-125.762 
-126.064 
-126.415 
-126.829 
-127.326 
-127.925 
-128.536 
-129.048 
-129.474 
-129.838 
-130.153 
-130.43 
-130.676 
-130.897 
-131.097 
-131.278 
-131.445 
-131.599 
-131.744 
-131.88 
-132.011 
-132.138 
-132.264 
-132.389 
-132.516 
-132.648 
-132.786 
-132.933 
-133.092 
-133.267 
-133.461 
-133.681 
-133.934 
-134.231 
-134.586 
-135.023 
-135.528 
-135.963 
-136.299 
-136.559 
-136.759 
-136.913 
-137.026 
-137.106 
-137.156 
-137.179 
-137.18 
-137.159 
-137.12 
-137.063 
-136.99 
-136.903 
-136.802 
-136.688 
-136.564 
-136.428 
-136.283 
-136.129 
-135.966 
-135.795 
-135.618 
-135.433 
-135.242 
-135.046 
-134.845 
-134.638 
-134.428 
-134.213 
-133.995 
-133.774 
-133.55 
-133.324 
-133.096 
-132.867 
-132.636 
-132.405 
-132.173 
-131.941 
-131.71 
-131.479 
-131.25 
-131.022 
-130.796 
-130.572 
-130.351 
-130.133 
-129.919 
-129.709 
-129.503 
-129.302 
-129.107 
-128.918 
-128.735 
-128.559 
-128.391 
-128.231 
-128.079 
-127.938 
-127.807 
-127.687 
-127.579 
-127.485 
-127.405 
-127.342 
-127.296 
-127.27 
-127.268 
-127.291 
-127.345 
-127.436 
-127.573 
-127.771 
-128.048 
-128.381 
-128.651 
-128.843 
-128.976 
-129.065 
-129.119 
-129.144 
-129.145 
-129.126 
-129.088 
-129.035 
-128.969 
-128.89 
-128.8 
-128.702 
-128.594 
-128.48 
-128.359 
-128.231 
-128.099 
-127.963 
-127.823 
-127.679 
-127.533 
-127.385 
-127.235 
-127.084 
-126.933 
-126.781 
-126.629 
-126.478 
-126.328 
-126.179 
-126.031 
-125.886 
-125.743 
-125.602 
-125.464 
-125.329 
-125.198 
-125.071 
-124.948 
-124.829 
-124.714 
-124.605 
-124.501 
-124.402 
-124.309 
-124.222 
-124.142 
-124.068 
-124.002 
-123.943 
-123.892 
-123.849 
-123.814 
-123.789 
-123.773 
-123.767 
-123.772 
-123.787 
-123.814 
-123.854 
-123.906 
-123.971 
-124.05 
-124.145 
-124.254 
-124.38 
-124.523 
-124.683 
-124.86 
-125.056 
-125.27 
-125.501 
-125.748 
-126.009 
-126.282 
-126.561 
-126.843 
-127.123 
-127.394 
-127.655 
-127.901 
-128.13 
-128.341 
-128.534 
-128.709 
-128.865 
-129.003 
-129.124 
-129.229 
-129.319 
-129.394 
-129.455 
-129.503 
-129.538 
-129.562 
-129.575 
-129.577 
-129.57 
-129.553 
-129.528 
-129.494 
-129.453 
-129.404 
-129.348 
-129.286 
-129.218 
-129.144 
-129.065 
-128.981 
-128.892 
-128.799 
-128.702 
-128.601 
-128.496 
-128.389 
-128.278 
-128.165 
-128.05 
-127.933 
-127.814 
-127.693 
-127.572 
-127.45 
-127.327 
-127.204 
-127.082 
-126.96 
-126.838 
-126.719 
-126.6 
-126.484 
-126.37 
-126.259 
-126.151 
-126.048 
-125.948 
-125.853 
-125.764 
-125.681 
-125.604 
-125.535 
-125.475 
-125.424 
-125.383 
-125.355 
-125.339 
-125.339 
-125.356 
-125.394 
-125.457 
-125.551 
-125.683 
-125.868 
-126.117 
-126.372 
-126.561 
-126.694 
-126.785 
-126.843 
-126.875 
-126.884 
-126.875 
-126.849 
-126.809 
-126.756 
-126.691 
-126.616 
-126.532 
-126.439 
-126.339 
-126.231 
-126.118 
-125.998 
-125.873 
-125.744 
-125.61 
-125.473 
-125.331 
-125.187 
-125.04 
-124.891 
-124.74 
-124.587 
-124.433 
-124.278 
-124.122 
-123.966 
-123.81 
-123.654 
-123.498 
-123.343 
-123.189 
-123.037 
-122.886 
-122.736 
-122.589 
-122.444 
-122.301 
-122.162 
-122.025 
-121.892 
-121.762 
-121.637 
-121.515 
-121.398 
-121.285 
-121.178 
-121.076 
-120.979 
-120.889 
-120.805 
-120.728 
-120.658 
-120.596 
-120.542 
-120.497 
-120.462 
-120.436 
-120.423 
-120.421 
-120.432 
-120.458 
-120.501 
-120.561 
-120.643 
-120.749 
-120.885 
-121.058 
-121.278 
-121.559 
-121.868 
-122.126 
-122.334 
-122.506 
-122.65 
-122.773 
-122.879 
-122.972 
-123.054 
-123.128 
-123.194 
-123.255 
-123.312 
-123.366 
-123.417 
-123.467 
-123.518 
-123.569 
-123.621 
-123.676 
-123.734 
-123.796 
-123.864 
-123.937 
-124.017 
-124.106 
-124.204 
-124.314 
-124.436 
-124.574 
-124.729 
-124.908 
-125.114 
-125.357 
-125.65 
-125.993 
-126.311 
-126.571 
-126.787 
-126.969 
-127.125 
-127.26 
-127.376 
-127.477 
-127.564 
-127.639 
-127.704 
-127.76 
-127.807 
-127.847 
-127.881 
-127.909 
-127.932 
-127.951 
-127.966 
-127.977 
-127.986 
-127.994 
-127.999 
-128.004 
-128.009 
-128.014 
-128.021 
-128.029 
-128.039 
-128.053 
-128.07 
-128.093 
-128.122 
-128.158 
-128.203 
-128.259 
-128.327 
-128.411 
-128.514 
-128.643 
-128.803 
-129.009 
-129.263 
-129.497 
-129.675 
-129.809 
-129.908 
-129.981 
-130.031 
-130.063 
-130.078 
-130.078 
-130.066 
-130.043 
-130.009 
-129.965 
-129.913 
-129.853 
-129.786 
-129.712 
-129.632 
-129.546 
-129.454 
-129.358 
-129.257 
-129.152 
-129.043 
-128.931 
-128.815 
-128.696 
-128.574 
-128.45 
-128.324 
-128.196 
-128.066 
-127.934 
-127.801 
-127.667 
-127.533 
-127.397 
-127.262 
-127.126 
-126.99 
-126.855 
-126.72 
-126.586 
-126.454 
-126.322 
-126.192 
-126.063 
-125.937 
-125.813 
-125.692 
-125.573 
-125.457 
-125.345 
-125.237 
-125.132 
-125.032 
-124.936 
-124.845 
-124.76 
-124.681 
-124.608 
-124.542 
-124.484 
-124.434 
-124.393 
-124.362 
-124.341 
-124.334 
-124.34 
-124.363 
-124.404 
-124.469 
-124.563 
-124.695 
-124.877 
-125.082 
-125.245 
-125.362 
-125.447 
-125.506 
-125.545 
-125.567 
-125.576 
-125.573 
-125.56 
-125.538 
-125.508 
-125.472 
-125.429 
-125.381 
-125.329 
-125.272 
-125.212 
-125.149 
-125.083 
-125.015 
-124.946 
-124.874 
-124.802 
-124.729 
-124.655 
-124.581 
-124.507 
-124.433 
-124.36 
-124.288 
-124.217 
-124.147 
-124.079 
-124.012 
-123.947 
-123.884 
-123.824 
-123.766 
-123.711 
-123.659 
-123.61 
-123.565 
-123.523 
-123.485 
-123.451 
-123.421 
-123.396 
-123.375 
-123.36 
-123.35 
-123.345 
-123.347 
-123.354 
-123.369 
-123.39 
-123.419 
-123.455 
-123.5 
-123.554 
-123.617 
-123.691 
-123.774 
-123.869 
-123.976 
-124.096 
-124.229 
-124.376 
-124.538 
-124.715 
-124.906 
-125.112 
-125.33 
-125.556 
-125.788 
-126.018 
-126.242 
-126.455 
-126.654 
-126.838 
-127.006 
-127.157 
-127.292 
-127.413 
-127.519 
-127.612 
-127.692 
-127.76 
-127.817 
-127.864 
-127.9 
-127.928 
-127.947 
-127.958 
-127.961 
-127.957 
-127.947 
-127.93 
-127.907 
-127.879 
-127.845 
-127.806 
-127.763 
-127.715 
-127.663 
-127.607 
-127.548 
-127.485 
-127.419 
-127.35 
-127.278 
-127.203 
-127.126 
-127.047 
-126.965 
-126.882 
-126.797 
-126.71 
-126.622 
-126.533 
-126.443 
-126.352 
-126.26 
-126.168 
-126.076 
-125.983 
-125.891 
-125.799 
-125.708 
-125.617 
-125.527 
-125.439 
-125.352 
-125.267 
-125.184 
-125.103 
-125.025 
-124.949 
-124.877 
-124.808 
-124.744 
-124.683 
-124.628 
-124.578 
-124.534 
-124.496 
-124.466 
-124.444 
-124.431 
-124.429 
-124.439 
-124.463 
-124.505 
-124.568 
-124.658 
-124.786 
-124.954 
-125.11 
-125.223 
-125.302 
-125.355 
-125.388 
-125.404 
-125.407 
-125.398 
-125.378 
-125.349 
-125.313 
-125.269 
-125.219 
-125.162 
-125.101 
-125.035 
-124.964 
-124.889 
-124.811 
-124.73 
-124.646 
-124.559 
-124.47 
-124.378 
-124.285 
-124.191 
-124.095 
-123.998 
-123.9 
-123.802 
-123.703 
-123.604 
-123.505 
-123.406 
-123.307 
-123.209 
-123.111 
-123.014 
-122.919 
-122.824 
-122.731 
-122.64 
-122.55 
-122.462 
-122.376 
-122.292 
-122.21 
-122.131 
-122.055 
-121.982 
-121.911 
-121.844 
-121.781 
-121.721 
-121.665 
-121.613 
-121.565 
-121.523 
-121.485 
-121.452 
-121.425 
-121.404 
-121.39 
-121.382 
-121.381 
-121.389 
-121.405 
-121.431 
-121.468 
-121.515 
-121.576 
-121.652 
-121.744 
-121.857 
-121.994 
-122.163 
-122.374 
-122.615 
-122.83 
-123.011 
-123.167 
-123.306 
-123.431 
-123.547 
-123.655 
-123.759 
-123.859 
-123.957 
-124.055 
-124.153 
-124.254 
-124.357 
-124.466 
-124.582 
-124.705 
-124.84 
-124.989 
-125.157 
-125.35 
-125.579 
-125.832 
-126.054 
-126.236 
-126.388 
-126.518 
-126.629 
-126.724 
-126.805 
-126.876 
-126.936 
-126.986 
-127.029 
-127.064 
-127.093 
-127.115 
-127.131 
-127.142 
-127.149 
-127.151 
-127.149 
-127.144 
-127.135 
-127.123 
-127.108 
-127.091 
-127.071 
-127.05 
-127.026 
-127.002 
-126.976 
-126.95 
-126.922 
-126.895 
-126.867 
-126.84 
-126.813 
-126.787 
-126.763 
-126.739 
-126.718 
-126.7 
-126.684 
-126.672 
-126.663 
-126.659 
-126.661 
-126.669 
-126.684 
-126.707 
-126.741 
-126.787 
-126.848 
-126.928 
-127.034 
-127.174 
-127.341 
-127.481 
-127.584 
-127.658 
-127.712 
-127.747 
-127.769 
-127.778 
-127.776 
-127.766 
-127.746 
-127.72 
-127.686 
-127.647 
-127.601 
-127.551 
-127.496 
-127.436 
-127.373 
-127.305 
-127.234 
-127.161 
-127.084 
-127.004 
-126.922 
-126.838 
-126.752 
-126.664 
-126.574 
-126.482 
-126.39 
-126.296 
-126.202 
-126.106 
-126.01 
-125.914 
-125.817 
-125.721 
-125.624 
-125.527 
-125.431 
-125.336 
-125.241 
-125.147 
-125.054 
-124.963 
-124.873 
-124.784 
-124.697 
-124.613 
-124.53 
-124.449 
-124.372 
-124.296 
-124.224 
-124.155 
-124.09 
-124.028 
-123.97 
-123.917 
-123.868 
-123.824 
-123.786 
-123.754 
-123.728 
-123.709 
-123.699 
-123.697 
-123.706 
-123.726 
-123.76 
-123.81 
-123.882 
-123.98 
-124.114 
-124.267 
-124.391 
-124.484 
-124.552 
-124.602 
-124.639 
-124.663 
-124.678 
-124.685 
-124.685 
-124.679 
-124.668 
-124.652 
-124.632 
-124.609 
-124.583 
-124.554 
-124.523 
-124.491 
-124.457 
-124.422 
-124.386 
-124.349 
-124.312 
-124.275 
-124.238 
-124.202 
-124.166 
-124.131 
-124.096 
-124.063 
-124.032 
-124.002 
-123.974 
-123.947 
-123.923 
-123.901 
-123.882 
-123.866 
-123.852 
-123.842 
-123.835 
-123.832 
-123.832 
-123.837 
-123.846 
-123.86 
-123.879 
-123.904 
-123.935 
-123.972 
-124.016 
-124.068 
-124.128 
-124.197 
-124.277 
-124.369 
-124.474 
-124.594 
-124.734 
-124.897 
-125.09 
-125.321 
-125.559 
-125.769 
-125.954 
-126.122 
-126.279 
-126.428 
-126.574 
-126.718 
-126.863 
-127.012 
-127.169 
-127.339 
-127.527 
-127.742 
-127.971 
-128.167 
-128.327 
-128.46 
-128.571 
-128.665 
-128.742 
-128.807 
-128.86 
-128.903 
-128.936 
-128.96 
-128.977 
-128.986 
-128.989 
-128.985 
-128.976 
-128.961 
-128.942 
-128.918 
-128.889 
-128.856 
-128.82 
-128.78 
-128.737 
-128.69 
-128.641 
-128.588 
-128.533 
-128.476 
-128.416 
-128.355 
-128.291 
-128.226 
-128.158 
-128.09 
-128.019 
-127.948 
-127.875 
-127.802 
-127.727 
-127.652 
-127.576 
-127.5 
-127.423 
-127.346 
-127.27 
-127.193 
-127.116 
-127.04 
-126.964 
-126.889 
-126.815 
-126.742 
-126.67 
-126.6 
-126.531 
-126.464 
-126.398 
-126.335 
-126.275 
-126.217 
-126.162 
-126.111 
-126.063 
-126.019 
-125.979 
-125.944 
-125.914 
