-0.246741 
-0.615565 
-1.1452 
-1.83222 
-2.67248 
-3.66144 
-4.79445 
-6.06713 
-7.47556 
-9.01658 
-10.6879 
-12.4885 
-14.4183 
-16.479 
-18.6736 
-21.0071 
-23.4864 
-26.121 
-28.9233 
-31.9094 
-35.1003 
-38.5233 
-42.2143 
-46.2218 
-50.6135 
-55.4868 
-60.9891 
-67.3516 
-74.8694 
-82.93 
-89.2594 
-93.781 
-96.9985 
-99.2623 
-100.805 
-101.789 
-102.332 
-102.524 
-102.436 
-102.125 
-101.638 
-101.012 
-100.28 
-99.4706 
-98.6064 
-97.7072 
-96.7899 
-95.8684 
-94.9543 
-94.057 
-93.1839 
-92.3409 
-91.5323 
-90.7614 
-90.0302 
-89.34 
-88.6913 
-88.0841 
-87.518 
-86.9921 
-86.5054 
-86.0564 
-85.6437 
-85.2658 
-84.9208 
-84.6072 
-84.3231 
-84.0667 
-83.8362 
-83.6297 
-83.4456 
-83.2819 
-83.1368 
-83.0086 
-82.8956 
-82.7959 
-82.7078 
-82.6297 
-82.5599 
-82.4966 
-82.4383 
-82.3834 
-82.3303 
-82.2775 
-82.2236 
-82.1671 
-82.1067 
-82.0412 
-81.9693 
-81.8898 
-81.8017 
-81.704 
-81.5957 
-81.4762 
-81.3447 
-81.2004 
-81.043 
-80.8719 
-80.6867 
-80.4872 
-80.2732 
-80.0445 
-79.8011 
-79.5431 
-79.2704 
-78.9833 
-78.6819 
-78.3664 
-78.0371 
-77.6943 
-77.3382 
-76.9693 
-76.5877 
-76.1939 
-75.788 
-75.3704 
-74.9414 
-74.501 
-74.0496 
-73.5873 
-73.114 
-72.6299 
-72.135 
-71.6292 
-71.1123 
-70.5844 
-70.0454 
-69.4953 
-68.9344 
-68.3631 
-67.7825 
-67.1941 
-66.6002 
-66.004 
-65.4092 
-64.8201 
-64.2408 
-63.6751 
-63.1258 
-62.5952 
-62.0844 
-61.594 
-61.1239 
-60.674 
-60.2437 
-59.8325 
-59.4397 
-59.0646 
-58.7068 
-58.3656 
-58.0405 
-57.7311 
-57.4371 
-57.1579 
-56.8933 
-56.643 
-56.4067 
-56.1841 
-55.975 
-55.7792 
-55.5963 
-55.4262 
-55.2685 
-55.1231 
-54.9894 
-54.8674 
-54.7565 
-54.6564 
-54.5667 
-54.4869 
-54.4165 
-54.3551 
-54.302 
-54.2567 
-54.2185 
-54.1868 
-54.161 
-54.1402 
-54.1239 
-54.1111 
-54.1013 
-54.0935 
-54.087 
-54.081 
-54.0746 
-54.0673 
-54.058 
-54.0462 
-54.031 
-54.0119 
-53.988 
-53.9588 
-53.9238 
-53.8825 
-53.8346 
-53.7796 
-53.7176 
-53.6483 
-53.5721 
-53.4891 
-53.4 
-53.3054 
-53.2063 
-53.1037 
-52.9992 
-52.8941 
-52.7902 
-52.6892 
-52.5928 
-52.5029 
-52.4211 
-52.3491 
-52.2882 
-52.2399 
-52.2053 
-52.1854 
-52.1812 
-52.1935 
-52.223 
-52.2703 
-52.3359 
-52.4205 
-52.5244 
-52.6481 
-52.7921 
-52.9568 
-53.1425 
-53.3499 
-53.5793 
-53.8312 
-54.1063 
-54.4049 
-54.7279 
-55.0758 
-55.4494 
-55.8496 
-56.2774 
-56.7338 
-57.2201 
-57.7378 
-58.2887 
-58.8747 
-59.4986 
-60.1634 
-60.8733 
-61.6338 
-62.452 
-63.3385 
-64.3084 
-65.3857 
-66.6076 
-68.0005 
-69.3663 
-70.5187 
-71.4904 
-72.3208 
-73.0353 
-73.6511 
-74.1801 
-74.6317 
-75.0135 
-75.3322 
-75.5936 
-75.8031 
-75.9659 
-76.0865 
-76.1693 
-76.218 
-76.2361 
-76.2267 
-76.1927 
-76.1365 
-76.0602 
-75.9657 
-75.8549 
-75.7293 
-75.5901 
-75.4387 
-75.2761 
-75.1033 
-74.9213 
-74.7308 
-74.5327 
-74.3275 
-74.1159 
-73.8985 
-73.6758 
-73.4482 
-73.2162 
-72.9801 
-72.7404 
-72.4974 
-72.2513 
-72.0025 
-71.7512 
-71.4979 
-71.2426 
-70.9859 
-70.728 
-70.4693 
-70.2104 
-69.9518 
-69.6942 
-69.4385 
-69.1857 
-68.9367 
-68.693 
-68.4557 
-68.2264 
-68.0063 
-67.7968 
-67.5993 
-67.4146 
-67.2439 
-67.088 
-66.9474 
-66.8228 
-66.7146 
-66.6231 
-66.5488 
-66.4918 
-66.4526 
-66.4315 
-66.4288 
-66.4449 
-66.4803 
-66.5357 
-66.6115 
-66.7087 
-66.8282 
-66.9709 
-67.1384 
-67.332 
-67.5539 
-67.8061 
-68.0918 
-68.4146 
-68.7792 
-69.192 
-69.662 
-70.2018 
-70.8311 
-71.5797 
-72.4591 
-73.3014 
-74.0005 
-74.5853 
-75.0838 
-75.5144 
-75.8892 
-76.217 
-76.5042 
-76.7557 
-76.9753 
-77.1663 
-77.3312 
-77.4724 
-77.5915 
-77.6904 
-77.7703 
-77.8325 
-77.8782 
-77.9083 
-77.9236 
-77.9251 
-77.9134 
-77.8892 
-77.8531 
-77.8056 
-77.7474 
-77.6788 
-77.6004 
-77.5125 
-77.4156 
-77.31 
-77.196 
-77.0739 
-76.9442 
-76.8069 
-76.6625 
-76.511 
-76.3528 
-76.188 
-76.0168 
-75.8393 
-75.6557 
-75.4661 
-75.2705 
-75.069 
-74.8617 
-74.6485 
-74.4295 
-74.2045 
-73.9736 
-73.7366 
-73.4934 
-73.2439 
-72.9878 
-72.7251 
-72.4554 
-72.1786 
-71.8945 
-71.603 
-71.304 
-70.9977 
-70.6844 
-70.3649 
-70.0404 
-69.7124 
-69.3833 
-69.0557 
-68.7323 
-68.4159 
-68.1085 
-67.8118 
-67.527 
-67.2545 
-66.9946 
-66.7474 
-66.5127 
-66.2902 
-66.0799 
-65.8816 
-65.695 
-65.5203 
-65.3575 
-65.2066 
-65.0681 
-64.9421 
-64.8293 
-64.7301 
-64.6456 
-64.5764 
-64.5239 
-64.4894 
-64.4747 
-64.4817 
-64.5133 
-64.5726 
-64.664 
-64.7932 
-64.9683 
-65.2013 
-65.5103 
-65.9201 
-66.3995 
-66.7936 
-67.0831 
-67.2938 
-67.4439 
-67.5454 
-67.6068 
-67.6338 
-67.631 
-67.6021 
-67.5497 
-67.4763 
-67.3837 
-67.2736 
-67.1475 
-67.0064 
-66.8515 
-66.6838 
-66.5039 
-66.3127 
-66.1108 
-65.8988 
-65.6772 
-65.4466 
-65.2072 
-64.9596 
-64.7041 
-64.4412 
-64.1711 
-63.8943 
-63.6111 
-63.322 
-63.0274 
-62.7278 
-62.4238 
-62.116 
-61.8052 
-61.4922 
-61.1779 
-60.8634 
-60.5496 
-60.2378 
-59.929 
-59.6243 
-59.3246 
-59.0309 
-58.7439 
-58.4644 
-58.1928 
-57.9295 
-57.675 
-57.4296 
-57.1934 
-56.9666 
-56.7494 
-56.542 
-56.3444 
-56.1569 
-55.9797 
-55.813 
-55.6571 
-55.5123 
-55.379 
-55.2578 
-55.1492 
-55.0541 
-54.9733 
-54.9079 
-54.8593 
-54.8291 
-54.8196 
-54.8334 
-54.8741 
-54.9467 
-55.0578 
-55.2179 
-55.4427 
-55.753 
-56.1165 
-56.4021 
-56.5984 
-56.7269 
-56.8029 
-56.8364 
-56.8342 
-56.8015 
-56.7421 
-56.6592 
-56.5555 
-56.4332 
-56.2945 
-56.1415 
-55.9761 
-55.8005 
-55.6168 
-55.4274 
-55.2345 
-55.0407 
-54.8485 
-54.6602 
-54.4784 
-54.3052 
-54.1428 
-53.9933 
-53.8587 
-53.741 
-53.6424 
-53.5652 
-53.5121 
-53.4863 
-53.4922 
-53.5353 
-53.6237 
-53.7694 
-53.9909 
-54.2969 
-54.5875 
-54.7938 
-54.9328 
-55.0217 
-55.0718 
-55.0905 
-55.0831 
-55.0535 
-55.0046 
-54.9386 
-54.8575 
-54.7627 
-54.6555 
-54.5368 
-54.4074 
-54.2682 
-54.1196 
-53.9623 
-53.7966 
-53.6229 
-53.4416 
-53.2529 
-53.0573 
-52.8551 
-52.6466 
-52.4322 
-52.2125 
-51.988 
-51.7595 
-51.5277 
-51.2936 
-51.0581 
-50.8223 
-50.5871 
-50.3535 
-50.1225 
-49.8948 
-49.6711 
-49.4519 
-49.2376 
-49.0286 
-48.8251 
-48.6273 
-48.4352 
-48.249 
-48.0687 
-47.8944 
-47.7261 
-47.5637 
-47.4074 
-47.257 
-47.1127 
-46.9745 
-46.8423 
-46.7164 
-46.5966 
-46.4831 
-46.376 
-46.2755 
-46.1815 
-46.0943 
-46.014 
-45.9409 
-45.875 
-45.8168 
-45.7664 
-45.7242 
-45.6904 
-45.6656 
-45.6501 
-45.6444 
-45.6492 
-45.665 
-45.6926 
-45.7329 
-45.7869 
-45.8558 
-45.9412 
-46.0447 
-46.1688 
-46.3161 
-46.4908 
-46.698 
-46.9457 
-47.2458 
-47.6154 
-48.0437 
-48.4247 
-48.7339 
-48.9888 
-49.2025 
-49.3837 
-49.5382 
-49.6703 
-49.783 
-49.8789 
-49.9599 
-50.0276 
-50.0833 
-50.1281 
-50.163 
-50.1887 
-50.206 
-50.2154 
-50.2174 
-50.2124 
-50.2008 
-50.1829 
-50.1588 
-50.1289 
-50.0931 
-50.0516 
-50.0044 
-49.9515 
-49.8929 
-49.8283 
-49.7578 
-49.6811 
-49.598 
-49.5084 
-49.412 
-49.3087 
-49.1983 
-49.0809 
-48.9567 
-48.8263 
-48.6908 
-48.5516 
-48.4106 
-48.2701 
-48.132 
-47.9985 
-47.8707 
-47.7497 
-47.6359 
-47.5296 
-47.4307 
-47.339 
-47.2543 
-47.1763 
-47.1048 
-47.0396 
-46.9804 
-46.9271 
-46.8794 
-46.8372 
-46.8006 
-46.7693 
-46.7435 
-46.7232 
-46.7083 
-46.6991 
-46.6957 
-46.6983 
-46.7072 
-46.7226 
-46.7449 
-46.7746 
-46.8121 
-46.858 
-46.913 
-46.9779 
-47.0536 
-47.1413 
-47.2423 
-47.3582 
-47.4913 
-47.6442 
-47.8206 
-48.0256 
-48.267 
-48.5563 
-48.9084 
-49.2942 
-49.6224 
-49.8893 
-50.11 
-50.2949 
-50.4511 
-50.5833 
-50.6949 
-50.7886 
-50.8664 
-50.9299 
-50.9805 
-51.0194 
-51.0474 
-51.0654 
-51.0741 
-51.0742 
-51.0661 
-51.0504 
-51.0275 
-50.9977 
-50.9615 
-50.9191 
-50.8707 
-50.8167 
-50.7572 
-50.6925 
-50.6228 
-50.5481 
-50.4688 
-50.3847 
-50.2962 
-50.2033 
-50.106 
-50.0045 
-49.8989 
-49.7891 
-49.6753 
-49.5574 
-49.4356 
-49.3098 
-49.1802 
-49.0467 
-48.9093 
-48.7683 
-48.6236 
-48.4754 
-48.3238 
-48.169 
-48.0115 
-47.8514 
-47.6892 
-47.5256 
-47.3611 
-47.1964 
-47.0324 
-46.8698 
-46.7094 
-46.5519 
-46.398 
-46.2482 
-46.1031 
-45.9631 
-45.8283 
-45.6992 
-45.5759 
-45.4587 
-45.3476 
-45.243 
-45.145 
-45.0539 
-44.97 
-44.8936 
-44.8251 
-44.765 
-44.714 
-44.6727 
-44.642 
-44.6231 
-44.6174 
-44.6266 
-44.653 
-44.6998 
-44.7714 
-44.8743 
-45.0187 
-45.2179 
-45.4527 
-45.6394 
-45.7695 
-45.8567 
-45.9109 
-45.9383 
-45.9435 
-45.9296 
-45.8993 
-45.8544 
-45.7968 
-45.728 
-45.6494 
-45.5623 
-45.4682 
-45.3684 
-45.2645 
-45.1578 
-45.0501 
-44.9429 
-44.8377 
-44.7361 
-44.6396 
-44.5494 
-44.4668 
-44.393 
-44.3292 
-44.2764 
-44.236 
-44.2093 
-44.1977 
-44.203 
-44.2275 
-44.2742 
-44.3472 
-44.4524 
-44.599 
-44.7998 
-45.0451 
-45.2545 
-45.4114 
-45.5288 
-45.6166 
-45.6809 
-45.7261 
-45.7551 
-45.7703 
-45.7733 
-45.7655 
-45.748 
-45.7217 
-45.6873 
-45.6454 
-45.5965 
-45.5409 
-45.4792 
-45.4115 
-45.3381 
-45.2593 
-45.1752 
-45.0859 
-44.9917 
-44.8926 
-44.7887 
-44.6803 
-44.5673 
-44.45 
-44.3284 
-44.2028 
-44.0735 
-43.9405 
-43.8044 
-43.6654 
-43.5241 
-43.3808 
-43.2362 
-43.0909 
-42.9454 
-42.8005 
-42.6565 
-42.5143 
-42.3742 
-42.2367 
-42.1022 
-41.9712 
-41.8439 
-41.7205 
-41.6015 
-41.4869 
-41.377 
-41.272 
-41.172 
-41.0774 
-40.9883 
-40.9049 
-40.8275 
-40.7563 
-40.6917 
-40.6339 
-40.5835 
-40.5407 
-40.5062 
-40.4804 
-40.4642 
-40.4582 
-40.4635 
-40.4813 
-40.5131 
-40.5607 
-40.6266 
-40.7144 
-40.8289 
-40.9777 
-41.172 
-41.4151 
-41.6431 
-41.8202 
-41.9572 
-42.0641 
-42.1476 
-42.2119 
-42.2602 
-42.2949 
-42.3176 
-42.3298 
-42.3326 
-42.3269 
-42.3135 
-42.2929 
-42.2658 
-42.2325 
-42.1933 
-42.1487 
-42.0987 
-42.0436 
-41.9835 
-41.9184 
-41.8486 
-41.7738 
-41.6943 
-41.6099 
-41.5207 
-41.4268 
-41.3284 
-41.2256 
-41.119 
-41.0093 
-40.8972 
-40.7839 
-40.6705 
-40.558 
-40.4474 
-40.3394 
-40.2346 
-40.1333 
-40.0357 
-39.9419 
-39.8518 
-39.7654 
-39.6827 
-39.6035 
-39.5277 
-39.4552 
-39.3861 
-39.32 
-39.2571 
-39.1973 
-39.1405 
-39.0866 
-39.0357 
-38.9877 
-38.9427 
-38.9006 
-38.8615 
-38.8254 
-38.7922 
-38.7622 
-38.7353 
-38.7116 
-38.6911 
-38.6739 
-38.6601 
-38.6499 
-38.6432 
-38.6403 
-38.6411 
-38.646 
-38.6549 
-38.668 
-38.6856 
-38.7078 
-38.7347 
-38.7667 
-38.8039 
-38.8466 
-38.8951 
-38.9497 
-39.0109 
-39.0791 
-39.1547 
-39.2383 
-39.3308 
-39.4328 
-39.5454 
-39.6699 
-39.8079 
-39.9616 
-40.1339 
-40.329 
-40.5535 
-40.8169 
-41.1255 
-41.4285 
-41.6843 
-41.9013 
-42.0891 
-42.2539 
-42.3997 
-42.5294 
-42.6452 
-42.7486 
-42.841 
-42.9233 
-42.9964 
-43.061 
-43.1176 
-43.1668 
-43.2089 
-43.2444 
-43.2736 
-43.2967 
-43.3141 
-43.3258 
-43.3322 
-43.3334 
-43.3295 
-43.3208 
-43.3073 
-43.2893 
-43.2668 
-43.24 
-43.2091 
-43.1742 
-43.1356 
-43.0935 
-43.0481 
-42.9998 
-42.9489 
-42.8958 
-42.8408 
-42.7845 
-42.727 
-42.669 
-42.6107 
-42.5524 
-42.4946 
-42.4374 
-42.381 
-42.3257 
-42.2715 
-42.2188 
-42.1675 
-42.1177 
-42.0697 
-42.0234 
-41.979 
-41.9366 
-41.8962 
-41.8581 
-41.8222 
-41.7888 
-41.758 
-41.7299 
-41.7048 
-41.6828 
-41.6641 
-41.649 
-41.6378 
-41.6307 
-41.6282 
-41.6305 
-41.6381 
-41.6515 
-41.6713 
-41.6981 
-41.7326 
-41.7758 
-41.8286 
-41.8923 
-41.9683 
-42.0585 
-42.165 
-42.2906 
-42.4389 
-42.6151 
-42.8263 
-43.0831 
-43.3858 
-43.6772 
-43.9347 
-44.1684 
-44.3868 
-44.5953 
-44.7977 
-44.9966 
-45.1937 
-45.3904 
-45.5876 
-45.7857 
-45.9851 
-46.1858 
-46.3877 
-46.5903 
-46.7934 
-46.9962 
-47.1982 
-47.3986 
-47.5967 
-47.792 
-47.9836 
-48.1713 
-48.3543 
-48.5325 
-48.7054 
-48.8729 
-49.0349 
-49.1913 
-49.3421 
-49.4874 
-49.6271 
-49.7615 
-49.8907 
-50.0149 
-50.1342 
-50.2489 
-50.3592 
-50.4654 
-50.5677 
-50.6664 
-50.7618 
-50.8542 
-50.944 
-51.0314 
-51.1168 
-51.2006 
-51.2831 
-51.3646 
-51.4455 
-51.5261 
-51.6065 
-51.687 
-51.7678 
-51.8489 
-51.9303 
-52.0121 
-52.0941 
-52.1762 
-52.2582 
-52.3399 
-52.4211 
-52.5015 
-52.5809 
-52.659 
-52.7355 
-52.8103 
-52.883 
-52.9535 
-53.0216 
-53.087 
-53.1498 
-53.2096 
-53.2664 
-53.3201 
-53.3705 
-53.4177 
-53.4616 
-53.5021 
-53.5392 
-53.5729 
-53.6032 
-53.6301 
-53.6537 
-53.6739 
-53.6907 
-53.7043 
-53.7147 
-53.7219 
-53.726 
-53.727 
-53.725 
-53.7202 
-53.7124 
-53.7019 
-53.6887 
-53.6729 
-53.6545 
-53.6336 
-53.6103 
-53.5846 
-53.5567 
-53.5265 
-53.4941 
-53.4596 
-53.423 
-53.3843 
-53.3436 
-53.3009 
-53.2563 
-53.2096 
-53.1609 
-53.1103 
-53.0576 
-53.0028 
-52.946 
-52.8871 
-52.8261 
-52.7631 
-52.698 
-52.6312 
-52.5627 
-52.493 
-52.4224 
-52.3516 
-52.281 
-52.2112 
-52.1428 
-52.0759 
-52.011 
-51.9481 
-51.8875 
-51.829 
-51.7728 
-51.7187 
-51.6668 
-51.617 
-51.5692 
-51.5235 
-51.4798 
-51.438 
-51.3982 
-51.3603 
-51.3243 
-51.2902 
-51.2581 
-51.2278 
-51.1994 
-51.1729 
-51.1483 
-51.1256 
-51.1048 
-51.0859 
-51.069 
-51.054 
-51.0409 
-51.0297 
-51.0204 
-51.0131 
-51.0076 
-51.0039 
-51.0021 
-51.0022 
-51.004 
-51.0075 
-51.0128 
-51.0197 
-51.0282 
-51.0383 
-51.0498 
-51.0627 
-51.077 
-51.0926 
-51.1094 
-51.1272 
-51.1461 
-51.166 
-51.1867 
-51.2081 
-51.2303 
-51.253 
-51.2762 
-51.2999 
-51.3238 
-51.348 
-51.3724 
-51.3969 
-51.4213 
-51.4457 
-51.4699 
-51.494 
-51.5178 
-51.5413 
-51.5645 
-51.5873 
-51.6098 
-51.6319 
-51.6536 
-51.675 
-51.6961 
-51.717 
-51.7378 
-51.7586 
-51.7796 
-51.801 
-51.8229 
-51.8457 
-51.8698 
-51.8955 
-51.9232 
-51.9534 
-51.9867 
-52.0237 
-52.065 
-52.1116 
-52.1642 
-52.2239 
-52.2918 
-52.3695 
-52.4588 
-52.5621 
-52.6828 
-52.8262 
-52.9997 
-53.208 
-53.4117 
-53.5795 
-53.7181 
-53.8347 
-53.9343 
-54.0198 
-54.0937 
-54.1574 
-54.2124 
-54.2595 
-54.2996 
-54.3334 
-54.3614 
-54.384 
-54.4018 
-54.4149 
-54.4239 
-54.4289 
-54.4301 
-54.428 
-54.4226 
-54.4141 
-54.4029 
-54.389 
-54.3728 
-54.3544 
-54.334 
-54.3119 
-54.2882 
-54.2634 
-54.2375 
-54.2109 
-54.1838 
-54.1566 
-54.1294 
-54.1025 
-54.0762 
-54.0506 
-54.0261 
-54.0027 
-53.9807 
-53.9602 
-53.9414 
-53.9244 
-53.9095 
-53.8966 
-53.886 
-53.8779 
-53.8722 
-53.8693 
-53.8691 
-53.8721 
-53.8782 
-53.8877 
-53.9009 
-53.918 
-53.9393 
-53.9651 
-53.9957 
-54.0317 
-54.0736 
-54.1219 
-54.1774 
-54.241 
-54.3138 
-54.3974 
-54.4936 
-54.605 
-54.7356 
-54.8912 
-55.0798 
-55.2939 
-55.4848 
-55.6449 
-55.7822 
-55.9028 
-56.0107 
-56.1087 
-56.1989 
-56.2828 
-56.3617 
-56.4365 
-56.5082 
-56.5773 
-56.6443 
-56.7098 
-56.774 
-56.8372 
-56.8997 
-56.9616 
-57.0231 
-57.0842 
-57.1451 
-57.2058 
-57.2663 
-57.3268 
-57.3871 
-57.4472 
-57.5072 
-57.567 
-57.6266 
-57.686 
-57.745 
-57.8037 
-57.8619 
-57.9197 
-57.9769 
-58.0334 
-58.0892 
-58.1442 
-58.1983 
-58.2514 
-58.3035 
-58.3544 
-58.4041 
-58.4524 
-58.4993 
-58.5447 
-58.5885 
-58.6307 
-58.6711 
-58.7098 
-58.7465 
-58.7813 
-58.8142 
-58.845 
-58.8737 
-58.9003 
-58.9248 
-58.947 
-58.9671 
-58.985 
-59.0007 
-59.0141 
-59.0253 
-59.0343 
-59.0411 
-59.0458 
-59.0482 
-59.0485 
-59.0467 
-59.0428 
-59.0368 
-59.0287 
-59.0187 
-59.0067 
-58.9927 
-58.9768 
-58.9591 
-58.9394 
-58.9179 
-58.8946 
-58.8695 
-58.8427 
-58.814 
