-0.127793 
-0.319536 
-0.59652 
-0.958727 
-1.40613 
-1.93873 
-2.55656 
-3.25972 
-4.04843 
-4.92304 
-5.8841 
-6.93236 
-8.06886 
-9.29496 
-10.6124 
-12.0233 
-13.5304 
-15.137 
-16.8471 
-18.6656 
-20.5981 
-22.6518 
-24.8349 
-27.1578 
-29.6328 
-32.2751 
-35.1036 
-38.1422 
-41.4216 
-44.9823 
-48.8794 
-53.1914 
-58.0345 
-63.5902 
-70.1146 
-77.416 
-83.6095 
-88.2656 
-91.7869 
-94.4764 
-96.5343 
-98.0989 
-99.2705 
-100.125 
-100.722 
-101.107 
-101.32 
-101.392 
-101.35 
-101.214 
-101.006 
-100.74 
-100.43 
-100.089 
-99.7271 
-99.3525 
-98.9733 
-98.5962 
-98.227 
-97.8705 
-97.5311 
-97.2124 
-96.9177 
-96.6496 
-96.4104 
-96.2021 
-96.0264 
-95.8847 
-95.7782 
-95.7079 
-95.6748 
-95.6796 
-95.723 
-95.8056 
-95.928 
-96.0906 
-96.2939 
-96.5384 
-96.8246 
-97.1529 
-97.524 
-97.9384 
-98.3966 
-98.8995 
-99.4476 
-100.042 
-100.683 
-101.373 
-102.112 
-102.901 
-103.742 
-104.637 
-105.586 
-106.592 
-107.657 
-108.782 
-109.969 
-111.22 
-112.537 
-113.92 
-115.37 
-116.887 
-118.467 
-120.108 
-121.801 
-123.534 
-125.293 
-127.055 
-128.797 
-130.492 
-132.113 
-133.639 
-135.051 
-136.337 
-137.493 
-138.516 
-139.409 
-140.175 
-140.821 
-141.353 
-141.779 
-142.107 
-142.342 
-142.493 
-142.566 
-142.567 
-142.503 
-142.378 
-142.198 
-141.968 
-141.691 
-141.372 
-141.014 
-140.62 
-140.195 
-139.739 
-139.257 
-138.75 
-138.22 
-137.669 
-137.1 
-136.513 
-135.911 
-135.295 
-134.666 
-134.026 
-133.375 
-132.715 
-132.047 
-131.372 
-130.691 
-130.005 
-129.315 
-128.622 
-127.927 
-127.23 
-126.534 
-125.838 
-125.143 
-124.452 
-123.764 
-123.08 
-122.403 
-121.732 
-121.07 
-120.417 
-119.774 
-119.143 
-118.525 
-117.922 
-117.334 
-116.764 
-116.212 
-115.68 
-115.17 
-114.684 
-114.222 
-113.787 
-113.38 
-113.004 
-112.66 
-112.35 
-112.078 
-111.846 
-111.657 
-111.514 
-111.422 
-111.386 
-111.413 
-111.509 
-111.686 
-111.957 
-112.342 
-112.872 
-113.591 
-114.548 
-115.563 
-116.336 
-116.891 
-117.284 
-117.551 
-117.719 
-117.804 
-117.82 
-117.776 
-117.681 
-117.541 
-117.361 
-117.147 
-116.901 
-116.627 
-116.329 
-116.01 
-115.671 
-115.316 
-114.946 
-114.563 
-114.17 
-113.767 
-113.357 
-112.942 
-112.522 
-112.099 
-111.675 
-111.25 
-110.826 
-110.403 
-109.984 
-109.568 
-109.156 
-108.751 
-108.351 
-107.958 
-107.573 
-107.195 
-106.827 
-106.467 
-106.118 
-105.778 
-105.449 
-105.131 
-104.824 
-104.528 
-104.245 
-103.974 
-103.716 
-103.471 
-103.239 
-103.022 
-102.818 
-102.629 
-102.456 
-102.297 
-102.155 
-102.03 
-101.921 
-101.831 
-101.758 
-101.705 
-101.672 
-101.66 
-101.669 
-101.701 
-101.756 
-101.836 
-101.942 
-102.075 
-102.236 
-102.426 
-102.647 
-102.899 
-103.185 
-103.503 
-103.855 
-104.241 
-104.659 
-105.11 
-105.589 
-106.094 
-106.621 
-107.164 
-107.715 
-108.27 
-108.821 
-109.361 
-109.886 
-110.392 
-110.874 
-111.33 
-111.76 
-112.163 
-112.538 
-112.886 
-113.206 
-113.501 
-113.771 
-114.017 
-114.239 
-114.439 
-114.618 
-114.776 
-114.916 
-115.036 
-115.139 
-115.225 
-115.295 
-115.349 
-115.389 
-115.415 
-115.427 
-115.426 
-115.414 
-115.389 
-115.354 
-115.308 
-115.252 
-115.186 
-115.111 
-115.028 
-114.937 
-114.839 
-114.733 
-114.621 
-114.503 
-114.38 
-114.252 
-114.12 
-113.984 
-113.845 
-113.704 
-113.561 
-113.417 
-113.273 
-113.13 
-112.989 
-112.85 
-112.714 
-112.583 
-112.457 
-112.339 
-112.229 
-112.128 
-112.038 
-111.961 
-111.898 
-111.852 
-111.825 
-111.819 
-111.837 
-111.884 
-111.962 
-112.079 
-112.24 
-112.456 
-112.74 
-113.115 
-113.611 
-114.212 
-114.727 
-115.108 
-115.386 
-115.587 
-115.727 
-115.815 
-115.861 
-115.87 
-115.846 
-115.795 
-115.718 
-115.618 
-115.498 
-115.359 
-115.203 
-115.032 
-114.846 
-114.648 
-114.438 
-114.218 
-113.988 
-113.749 
-113.502 
-113.248 
-112.988 
-112.722 
-112.451 
-112.177 
-111.899 
-111.618 
-111.336 
-111.052 
-110.768 
-110.484 
-110.2 
-109.918 
-109.638 
-109.361 
-109.087 
-108.817 
-108.551 
-108.291 
-108.036 
-107.787 
-107.545 
-107.311 
-107.084 
-106.866 
-106.657 
-106.458 
-106.27 
-106.092 
-105.926 
-105.772 
-105.631 
-105.505 
-105.393 
-105.298 
-105.219 
-105.16 
-105.12 
-105.102 
-105.109 
-105.142 
-105.204 
-105.301 
-105.437 
-105.619 
-105.858 
-106.169 
-106.577 
-107.094 
-107.595 
-107.986 
-108.287 
-108.522 
-108.706 
-108.85 
-108.96 
-109.043 
-109.103 
-109.143 
-109.167 
-109.176 
-109.174 
-109.161 
-109.14 
-109.111 
-109.078 
-109.04 
-108.999 
-108.955 
-108.911 
-108.866 
-108.821 
-108.778 
-108.736 
-108.697 
-108.661 
-108.628 
-108.6 
-108.576 
-108.557 
-108.543 
-108.536 
-108.534 
-108.54 
-108.553 
-108.573 
-108.601 
-108.637 
-108.682 
-108.737 
-108.8 
-108.874 
-108.959 
-109.055 
-109.162 
-109.282 
-109.414 
-109.56 
-109.721 
-109.897 
-110.089 
-110.299 
-110.527 
-110.776 
-111.047 
-111.342 
-111.663 
-112.013 
-112.397 
-112.819 
-113.285 
-113.803 
-114.387 
-115.055 
-115.83 
-116.661 
-117.422 
-118.115 
-118.765 
-119.394 
-120.018 
-120.657 
-121.331 
-122.067 
-122.827 
-123.481 
-124.025 
-124.481 
-124.868 
-125.198 
-125.478 
-125.715 
-125.915 
-126.08 
-126.216 
-126.324 
-126.408 
-126.468 
-126.508 
-126.53 
-126.533 
-126.521 
-126.494 
-126.452 
-126.399 
-126.333 
-126.256 
-126.169 
-126.073 
-125.967 
-125.853 
-125.732 
-125.603 
-125.466 
-125.324 
-125.175 
-125.021 
-124.861 
-124.696 
-124.527 
-124.353 
-124.175 
-123.993 
-123.808 
-123.62 
-123.428 
-123.235 
-123.038 
-122.84 
-122.64 
-122.438 
-122.236 
-122.032 
-121.829 
-121.625 
-121.421 
-121.219 
-121.017 
-120.817 
-120.618 
-120.422 
-120.229 
-120.04 
-119.854 
-119.672 
-119.496 
-119.324 
-119.159 
-119 
-118.849 
-118.705 
-118.57 
-118.444 
-118.328 
-118.223 
-118.13 
-118.049 
-117.983 
-117.933 
-117.9 
-117.886 
-117.894 
-117.928 
-117.991 
-118.089 
-118.232 
-118.432 
-118.71 
-119.047 
-119.329 
-119.531 
-119.675 
-119.773 
-119.835 
-119.868 
-119.877 
-119.864 
-119.832 
-119.784 
-119.722 
-119.647 
-119.56 
-119.463 
-119.357 
-119.242 
-119.12 
-118.991 
-118.856 
-118.716 
-118.571 
-118.423 
-118.271 
-118.116 
-117.959 
-117.799 
-117.639 
-117.478 
-117.316 
-117.154 
-116.992 
-116.831 
-116.671 
-116.512 
-116.355 
-116.2 
-116.047 
-115.896 
-115.748 
-115.603 
-115.461 
-115.322 
-115.187 
-115.055 
-114.926 
-114.802 
-114.682 
-114.566 
-114.455 
-114.348 
-114.246 
-114.148 
-114.056 
-113.97 
-113.888 
-113.813 
-113.743 
-113.68 
-113.622 
-113.572 
-113.528 
-113.492 
-113.463 
-113.443 
-113.43 
-113.426 
-113.431 
-113.446 
-113.47 
-113.505 
-113.55 
-113.607 
-113.675 
-113.755 
-113.848 
-113.953 
-114.07 
-114.199 
-114.34 
-114.492 
-114.654 
-114.824 
-115 
-115.181 
-115.363 
-115.546 
-115.726 
-115.901 
-116.07 
-116.232 
-116.385 
-116.529 
-116.664 
-116.788 
-116.903 
-117.008 
-117.103 
-117.189 
-117.265 
-117.333 
-117.393 
-117.444 
-117.487 
-117.522 
-117.55 
-117.571 
-117.586 
-117.593 
-117.595 
-117.591 
-117.58 
-117.565 
-117.544 
-117.517 
-117.486 
-117.451 
-117.41 
-117.366 
-117.317 
-117.264 
-117.207 
-117.147 
-117.083 
-117.017 
-116.947 
-116.874 
-116.799 
-116.721 
-116.642 
-116.56 
-116.476 
-116.392 
-116.306 
-116.219 
-116.132 
-116.044 
-115.957 
-115.87 
-115.784 
-115.699 
-115.617 
-115.536 
-115.459 
-115.385 
-115.314 
-115.249 
-115.189 
-115.134 
-115.087 
-115.048 
-115.017 
-114.996 
-114.987 
-114.991 
-115.01 
-115.046 
-115.103 
-115.184 
-115.296 
-115.448 
-115.654 
-115.92 
-116.177 
-116.368 
-116.507 
-116.606 
-116.674 
-116.716 
-116.737 
-116.74 
-116.726 
-116.699 
-116.659 
-116.607 
-116.545 
-116.474 
-116.394 
-116.307 
-116.212 
-116.111 
-116.004 
-115.891 
-115.773 
-115.651 
-115.525 
-115.394 
-115.261 
-115.124 
-114.985 
-114.844 
-114.7 
-114.556 
-114.41 
-114.263 
-114.116 
-113.969 
-113.821 
-113.675 
-113.529 
-113.384 
-113.241 
-113.1 
-112.96 
-112.823 
-112.689 
-112.558 
-112.429 
-112.305 
-112.184 
-112.067 
-111.955 
-111.847 
-111.744 
-111.647 
-111.556 
-111.47 
-111.391 
-111.319 
-111.255 
-111.198 
-111.15 
-111.112 
-111.083 
-111.066 
-111.06 
-111.068 
-111.091 
-111.131 
-111.19 
-111.273 
-111.383 
-111.528 
-111.719 
-111.968 
-112.243 
-112.466 
-112.638 
-112.773 
-112.879 
-112.963 
-113.028 
-113.079 
-113.118 
-113.146 
-113.165 
-113.177 
-113.183 
-113.184 
-113.181 
-113.174 
-113.165 
-113.153 
-113.141 
-113.127 
-113.114 
-113.1 
-113.087 
-113.076 
-113.066 
-113.057 
-113.051 
-113.048 
-113.047 
-113.05 
-113.056 
-113.065 
-113.079 
-113.097 
-113.12 
-113.148 
-113.182 
-113.221 
-113.266 
-113.317 
-113.376 
-113.441 
-113.515 
-113.597 
-113.689 
-113.79 
-113.902 
-114.026 
-114.163 
-114.314 
-114.482 
-114.669 
-114.878 
-115.114 
-115.385 
-115.7 
-116.071 
-116.456 
-116.791 
-117.08 
-117.336 
-117.567 
-117.778 
-117.974 
-118.157 
-118.331 
-118.496 
-118.657 
-118.813 
-118.967 
-119.12 
-119.276 
-119.435 
-119.6 
-119.775 
-119.964 
-120.171 
-120.405 
-120.677 
-120.995 
-121.299 
-121.544 
-121.742 
-121.902 
-122.032 
-122.137 
-122.222 
-122.288 
-122.338 
-122.373 
-122.396 
-122.407 
-122.408 
-122.399 
-122.381 
-122.354 
-122.32 
-122.28 
-122.232 
-122.179 
-122.119 
-122.055 
-121.986 
-121.911 
-121.833 
-121.75 
-121.664 
-121.574 
-121.48 
-121.384 
-121.284 
-121.182 
-121.077 
-120.97 
-120.86 
-120.748 
-120.635 
-120.52 
-120.403 
-120.285 
-120.166 
-120.046 
-119.926 
-119.805 
-119.683 
-119.562 
-119.441 
-119.32 
-119.2 
-119.08 
-118.963 
-118.846 
-118.731 
-118.619 
-118.509 
-118.401 
-118.297 
-118.196 
-118.098 
-118.005 
-117.916 
-117.832 
-117.753 
-117.68 
-117.613 
-117.553 
-117.5 
-117.456 
-117.42 
-117.395 
-117.38 
-117.378 
-117.391 
-117.42 
-117.469 
-117.542 
-117.646 
-117.792 
-117.986 
-118.173 
-118.311 
-118.41 
-118.478 
-118.523 
-118.55 
-118.56 
-118.558 
-118.543 
-118.518 
-118.484 
-118.442 
-118.393 
-118.337 
-118.276 
-118.209 
-118.138 
-118.062 
-117.983 
-117.9 
-117.814 
-117.726 
-117.636 
-117.544 
-117.45 
-117.356 
-117.26 
-117.164 
-117.067 
-116.971 
-116.874 
-116.778 
-116.682 
-116.588 
-116.494 
-116.401 
-116.309 
-116.219 
-116.131 
-116.044 
-115.959 
-115.876 
-115.795 
-115.717 
-115.64 
-115.566 
-115.495 
-115.426 
-115.36 
-115.296 
-115.236 
-115.178 
-115.124 
-115.073 
-115.025 
-114.981 
-114.94 
-114.904 
-114.871 
-114.842 
-114.817 
-114.797 
-114.782 
-114.771 
-114.766 
-114.765 
-114.77 
-114.781 
-114.798 
-114.821 
-114.851 
-114.887 
-114.931 
-114.981 
-115.039 
-115.104 
-115.176 
-115.255 
-115.341 
-115.432 
-115.528 
-115.629 
-115.732 
-115.837 
-115.942 
-116.046 
-116.147 
-116.245 
-116.338 
-116.426 
-116.508 
-116.585 
-116.655 
-116.719 
-116.777 
-116.828 
-116.874 
-116.914 
-116.948 
-116.977 
-117.001 
-117.02 
-117.034 
-117.043 
-117.048 
-117.048 
-117.044 
-117.037 
-117.025 
-117.01 
-116.992 
-116.97 
-116.945 
-116.916 
-116.885 
-116.851 
-116.814 
-116.774 
-116.732 
-116.687 
-116.64 
-116.591 
-116.539 
-116.486 
-116.43 
-116.373 
-116.315 
-116.254 
-116.193 
-116.13 
-116.066 
-116.001 
-115.936 
-115.87 
-115.803 
-115.737 
-115.67 
-115.604 
-115.539 
-115.474 
-115.41 
-115.348 
-115.287 
-115.229 
-115.173 
-115.119 
-115.069 
-115.023 
-114.98 
-114.943 
-114.91 
-114.884 
-114.864 
-114.852 
-114.848 
-114.854 
-114.872 
-114.902 
-114.949 
-115.016 
-115.108 
-115.233 
-115.4 
-115.57 
-115.698 
-115.79 
-115.855 
-115.899 
-115.926 
-115.939 
-115.94 
-115.93 
-115.91 
-115.883 
-115.847 
-115.805 
-115.756 
-115.702 
-115.643 
-115.579 
-115.51 
-115.438 
-115.362 
-115.282 
-115.199 
-115.114 
-115.026 
-114.936 
-114.845 
-114.751 
-114.656 
-114.56 
-114.462 
-114.364 
-114.266 
-114.167 
-114.068 
-113.97 
-113.871 
-113.774 
-113.677 
-113.581 
-113.486 
-113.393 
-113.301 
-113.211 
-113.123 
-113.037 
-112.953 
-112.872 
-112.794 
-112.718 
-112.646 
-112.577 
-112.511 
-112.449 
-112.391 
-112.338 
-112.289 
-112.245 
-112.206 
-112.172 
-112.145 
-112.125 
-112.111 
-112.106 
-112.109 
-112.122 
-112.145 
-112.182 
-112.232 
-112.301 
-112.39 
-112.508 
-112.661 
-112.851 
-113.023 
-113.158 
-113.264 
-113.348 
-113.416 
-113.472 
-113.516 
-113.552 
-113.581 
-113.604 
-113.622 
-113.635 
-113.646 
-113.654 
-113.659 
-113.664 
-113.667 
-113.67 
-113.672 
-113.675 
-113.678 
-113.682 
-113.688 
-113.695 
-113.703 
-113.714 
-113.727 
-113.743 
-113.762 
-113.784 
-113.809 
-113.839 
-113.872 
-113.91 
-113.952 
-114 
-114.054 
-114.114 
-114.18 
-114.254 
-114.336 
-114.428 
-114.53 
-114.644 
-114.772 
-114.917 
-115.084 
-115.278 
-115.509 
-115.767 
-115.996 
-116.189 
-116.356 
-116.503 
-116.634 
-116.752 
-116.86 
-116.958 
-117.049 
-117.132 
-117.21 
-117.284 
-117.352 
-117.418 
-117.481 
-117.541 
-117.6 
-117.658 
-117.716 
-117.775 
-117.835 
-117.898 
-117.964 
-118.035 
-118.111 
-118.196 
-118.291 
-118.4 
-118.527 
-118.679 
-118.865 
-119.064 
-119.226 
-119.352 
-119.452 
-119.531 
-119.592 
-119.639 
-119.674 
-119.698 
-119.712 
-119.718 
-119.716 
-119.707 
-119.691 
-119.67 
-119.643 
-119.611 
-119.574 
-119.533 
-119.488 
-119.44 
-119.387 
-119.332 
-119.273 
-119.212 
-119.148 
-119.081 
-119.012 
-118.94 
-118.867 
-118.791 
-118.714 
-118.635 
-118.555 
-118.474 
-118.391 
-118.307 
-118.222 
-118.136 
-118.05 
-117.964 
-117.877 
-117.789 
-117.702 
-117.615 
-117.529 
-117.443 
-117.358 
-117.274 
-117.191 
-117.109 
-117.03 
-116.951 
-116.875 
-116.802 
-116.73 
-116.662 
-116.597 
-116.535 
-116.476 
-116.422 
-116.372 
-116.326 
-116.286 
-116.251 
-116.222 
-116.2 
-116.186 
-116.18 
-116.184 
-116.198 
-116.226 
-116.27 
-116.333 
-116.423 
-116.547 
-116.69 
-116.805 
-116.887 
-116.945 
-116.985 
-117.01 
-117.023 
-117.026 
-117.02 
-117.006 
-116.985 
-116.958 
-116.926 
-116.889 
-116.848 
-116.803 
-116.754 
-116.703 
-116.648 
-116.592 
-116.533 
-116.472 
-116.41 
-116.346 
-116.282 
-116.216 
-116.15 
-116.084 
-116.017 
-115.95 
-115.884 
-115.817 
-115.751 
-115.686 
-115.621 
-115.557 
-115.495 
-115.433 
-115.372 
-115.313 
-115.255 
-115.198 
-115.143 
-115.09 
-115.038 
-114.988 
-114.94 
-114.894 
-114.85 
-114.808 
-114.768 
-114.73 
-114.695 
-114.662 
-114.631 
-114.603 
-114.578 
-114.556 
-114.536 
-114.52 
-114.506 
-114.496 
-114.489 
-114.486 
-114.486 
-114.49 
-114.498 
-114.511 
-114.528 
-114.549 
-114.575 
-114.606 
-114.642 
-114.683 
-114.729 
-114.78 
-114.836 
-114.897 
-114.962 
-115.031 
-115.103 
-115.178 
-115.253 
-115.33 
-115.405 
-115.478 
-115.55 
-115.617 
-115.681 
-115.74 
-115.795 
-115.845 
-115.891 
-115.931 
-115.967 
-115.998 
-116.024 
-116.047 
-116.065 
-116.079 
-116.089 
-116.096 
-116.099 
-116.099 
-116.095 
-116.088 
-116.079 
-116.066 
-116.051 
-116.033 
-116.013 
-115.99 
-115.964 
-115.937 
-115.907 
-115.875 
-115.842 
-115.806 
-115.768 
-115.729 
-115.688 
-115.646 
-115.602 
