-0.147671 
-0.369096 
-0.688622 
-1.10585 
-1.62027 
-2.23132 
-2.93841 
-3.741 
-4.63865 
-5.63111 
-6.71832 
-7.90054 
-9.1784 
-10.553 
-12.0258 
-13.599 
-15.2756 
-17.0591 
-18.9542 
-20.9665 
-23.1032 
-25.373 
-27.7863 
-30.3564 
-33.0996 
-36.0363 
-39.1926 
-42.6024 
-46.3109 
-50.3807 
-54.9016 
-60.0095 
-65.9162 
-72.8745 
-80.1838 
-85.9603 
-90.2511 
-93.4652 
-95.8833 
-97.6926 
-99.0244 
-99.9753 
-100.619 
-101.013 
-101.205 
-101.231 
-101.125 
-100.911 
-100.612 
-100.248 
-99.8347 
-99.3854 
-98.9123 
-98.4256 
-97.9341 
-97.4449 
-96.9646 
-96.4982 
-96.0503 
-95.6245 
-95.2239 
-94.8508 
-94.5073 
-94.1949 
-93.9148 
-93.6677 
-93.4545 
-93.2754 
-93.1305 
-93.0201 
-92.9439 
-92.9018 
-92.8934 
-92.9184 
-92.9764 
-93.0668 
-93.1892 
-93.343 
-93.5276 
-93.7423 
-93.9867 
-94.26 
-94.5615 
-94.8907 
-95.2469 
-95.6294 
-96.0375 
-96.4706 
-96.928 
-97.409 
-97.913 
-98.4392 
-98.987 
-99.5556 
-100.144 
-100.753 
-101.379 
-102.024 
-102.685 
-103.363 
-104.055 
-104.76 
-105.478 
-106.206 
-106.943 
-107.686 
-108.433 
-109.181 
-109.925 
-110.663 
-111.389 
-112.098 
-112.785 
-113.445 
-114.072 
-114.66 
-115.204 
-115.7 
-116.144 
-116.534 
-116.869 
-117.147 
-117.37 
-117.539 
-117.654 
-117.719 
-117.736 
-117.708 
-117.638 
-117.528 
-117.382 
-117.202 
-116.99 
-116.75 
-116.482 
-116.19 
-115.876 
-115.54 
-115.185 
-114.812 
-114.423 
-114.018 
-113.599 
-113.167 
-112.723 
-112.268 
-111.802 
-111.327 
-110.842 
-110.349 
-109.849 
-109.342 
-108.828 
-108.308 
-107.783 
-107.253 
-106.719 
-106.182 
-105.641 
-105.098 
-104.554 
-104.008 
-103.463 
-102.917 
-102.373 
-101.832 
-101.293 
-100.759 
-100.231 
-99.7087 
-99.1946 
-98.6896 
-98.1952 
-97.7128 
-97.244 
-96.7903 
-96.3533 
-95.9346 
-95.5358 
-95.1588 
-94.8052 
-94.4768 
-94.1754 
-93.903 
-93.6616 
-93.4533 
-93.2806 
-93.146 
-93.0525 
-93.0034 
-93.0026 
-93.0548 
-93.1658 
-93.3427 
-93.5947 
-93.9345 
-94.3794 
-94.9556 
-95.703 
-96.675 
-97.7927 
-98.7132 
-99.4025 
-99.9185 
-100.302 
-100.581 
-100.774 
-100.894 
-100.952 
-100.955 
-100.911 
-100.824 
-100.7 
-100.542 
-100.354 
-100.139 
-99.9003 
-99.6395 
-99.3593 
-99.062 
-98.7496 
-98.4241 
-98.0873 
-97.7409 
-97.3866 
-97.026 
-96.6606 
-96.2919 
-95.9213 
-95.5499 
-95.1791 
-94.81 
-94.4435 
-94.0806 
-93.7222 
-93.369 
-93.0218 
-92.6812 
-92.3476 
-92.0218 
-91.704 
-91.3947 
-91.0942 
-90.8028 
-90.5208 
-90.2486 
-89.9862 
-89.7339 
-89.492 
-89.2607 
-89.04 
-88.8304 
-88.6318 
-88.4447 
-88.2691 
-88.1054 
-87.9538 
-87.8146 
-87.6881 
-87.5748 
-87.4749 
-87.3889 
-87.3172 
-87.2605 
-87.2192 
-87.194 
-87.1855 
-87.1946 
-87.2219 
-87.2684 
-87.335 
-87.4226 
-87.5321 
-87.6645 
-87.8207 
-88.0016 
-88.2079 
-88.4402 
-88.6986 
-88.9831 
-89.2932 
-89.628 
-89.9859 
-90.3649 
-90.7624 
-91.1753 
-91.6003 
-92.0338 
-92.4722 
-92.9121 
-93.3502 
-93.7836 
-94.21 
-94.6273 
-95.0339 
-95.4284 
-95.8099 
-96.1776 
-96.5313 
-96.8704 
-97.1948 
-97.5046 
-97.7998 
-98.0803 
-98.3465 
-98.5984 
-98.8364 
-99.0605 
-99.2711 
-99.4684 
-99.6527 
-99.8242 
-99.9832 
-100.13 
-100.265 
-100.388 
-100.5 
-100.6 
-100.69 
-100.769 
-100.838 
-100.897 
-100.946 
-100.985 
-101.016 
-101.037 
-101.051 
-101.056 
-101.053 
-101.042 
-101.025 
-101 
-100.969 
-100.932 
-100.89 
-100.842 
-100.79 
-100.734 
-100.674 
-100.611 
-100.545 
-100.478 
-100.411 
-100.343 
-100.276 
-100.211 
-100.149 
-100.092 
-100.039 
-99.9937 
-99.9567 
-99.9298 
-99.9149 
-99.9142 
-99.9299 
-99.9648 
-100.022 
-100.105 
-100.219 
-100.368 
-100.561 
-100.806 
-101.118 
-101.518 
-102.037 
-102.657 
-103.192 
-103.596 
-103.9 
-104.128 
-104.296 
-104.414 
-104.491 
-104.531 
-104.54 
-104.521 
-104.477 
-104.411 
-104.325 
-104.22 
-104.098 
-103.961 
-103.81 
-103.647 
-103.471 
-103.284 
-103.088 
-102.882 
-102.668 
-102.447 
-102.218 
-101.984 
-101.744 
-101.5 
-101.252 
-101.001 
-100.747 
-100.492 
-100.236 
-99.9794 
-99.7233 
-99.4685 
-99.2156 
-98.9655 
-98.7187 
-98.4761 
-98.2383 
-98.0061 
-97.7802 
-97.5611 
-97.3497 
-97.1466 
-96.9525 
-96.7681 
-96.594 
-96.4311 
-96.28 
-96.1416 
-96.0167 
-95.9063 
-95.8114 
-95.733 
-95.6726 
-95.6316 
-95.6117 
-95.615 
-95.6439 
-95.7015 
-95.7918 
-95.9197 
-96.0924 
-96.3198 
-96.6169 
-97.0066 
-97.5045 
-97.9945 
-98.3736 
-98.6618 
-98.8822 
-99.0501 
-99.1758 
-99.2668 
-99.3284 
-99.3651 
-99.3803 
-99.377 
-99.3575 
-99.3242 
-99.2789 
-99.2234 
-99.159 
-99.0874 
-99.0097 
-98.9271 
-98.8408 
-98.7516 
-98.6605 
-98.5684 
-98.476 
-98.384 
-98.293 
-98.2036 
-98.1163 
-98.0316 
-97.9498 
-97.8715 
-97.7969 
-97.7262 
-97.6599 
-97.5981 
-97.541 
-97.4889 
-97.4419 
-97.4002 
-97.3638 
-97.333 
-97.3079 
-97.2885 
-97.2749 
-97.2672 
-97.2655 
-97.2698 
-97.2803 
-97.2969 
-97.3196 
-97.3486 
-97.3839 
-97.4254 
-97.4732 
-97.5274 
-97.5879 
-97.6548 
-97.728 
-97.8076 
-97.8936 
-97.9859 
-98.0846 
-98.1897 
-98.3011 
-98.4188 
-98.5427 
-98.6728 
-98.809 
-98.9511 
-99.099 
-99.2525 
-99.4112 
-99.5747 
-99.7427 
-99.9143 
-100.089 
-100.266 
-100.443 
-100.621 
-100.796 
-100.969 
-101.136 
-101.297 
-101.45 
-101.594 
-101.727 
-101.848 
-101.958 
-102.055 
-102.139 
-102.21 
-102.268 
-102.315 
-102.349 
-102.372 
-102.385 
-102.387 
-102.379 
-102.363 
-102.338 
-102.304 
-102.263 
-102.215 
-102.159 
-102.098 
-102.03 
-101.956 
-101.877 
-101.792 
-101.703 
-101.608 
-101.509 
-101.406 
-101.298 
-101.186 
-101.07 
-100.951 
-100.828 
-100.701 
-100.572 
-100.439 
-100.303 
-100.164 
-100.022 
-99.8778 
-99.7311 
-99.5822 
-99.4313 
-99.2784 
-99.124 
-98.9681 
-98.811 
-98.6531 
-98.4945 
-98.3357 
-98.177 
-98.0188 
-97.8614 
-97.7053 
-97.551 
-97.3989 
-97.2497 
-97.1037 
-96.9615 
-96.8238 
-96.6911 
-96.564 
-96.4433 
-96.3294 
-96.2232 
-96.1252 
-96.0364 
-95.9575 
-95.8894 
-95.833 
-95.7894 
-95.76 
-95.746 
-95.7493 
-95.7717 
-95.816 
-95.8854 
-95.9843 
-96.1188 
-96.2979 
-96.5355 
-96.8498 
-97.2123 
-97.5094 
-97.7315 
-97.8972 
-98.0197 
-98.1078 
-98.1672 
-98.2024 
-98.2166 
-98.2123 
-98.1917 
-98.1565 
-98.1081 
-98.0477 
-97.9766 
-97.8956 
-97.8056 
-97.7075 
-97.602 
-97.4898 
-97.3717 
-97.2481 
-97.1199 
-96.9875 
-96.8515 
-96.7125 
-96.5711 
-96.4277 
-96.2828 
-96.137 
-95.9906 
-95.8442 
-95.6981 
-95.5527 
-95.4083 
-95.2652 
-95.1239 
-94.9845 
-94.8473 
-94.7125 
-94.5804 
-94.4511 
-94.3248 
-94.2018 
-94.0821 
-93.9659 
-93.8533 
-93.7445 
-93.6397 
-93.5389 
-93.4423 
-93.35 
-93.2623 
-93.1792 
-93.1008 
-93.0275 
-92.9593 
-92.8964 
-92.8391 
-92.7876 
-92.7421 
-92.703 
-92.6705 
-92.645 
-92.6268 
-92.6164 
-92.6141 
-92.6206 
-92.6363 
-92.6618 
-92.6978 
-92.745 
-92.8041 
-92.8759 
-92.9612 
-93.0609 
-93.1758 
-93.3069 
-93.4547 
-93.6201 
-93.8034 
-94.0048 
-94.2242 
-94.4607 
-94.7131 
-94.9795 
-95.2572 
-95.543 
-95.8333 
-96.1246 
-96.4136 
-96.6974 
-96.9738 
-97.2411 
-97.4982 
-97.7445 
-97.9796 
-98.2035 
-98.4161 
-98.6177 
-98.8085 
-98.989 
-99.1593 
-99.3199 
-99.4711 
-99.6133 
-99.7467 
-99.8717 
-99.9886 
-100.098 
-100.199 
-100.293 
-100.381 
-100.461 
-100.535 
-100.602 
-100.663 
-100.718 
-100.768 
-100.812 
-100.85 
-100.883 
-100.911 
-100.935 
-100.953 
-100.967 
-100.977 
-100.982 
-100.984 
-100.981 
-100.975 
-100.966 
-100.953 
-100.937 
-100.918 
-100.896 
-100.872 
-100.846 
-100.818 
-100.788 
-100.757 
-100.725 
-100.692 
-100.659 
-100.626 
-100.593 
-100.562 
-100.533 
-100.506 
-100.482 
-100.461 
-100.446 
-100.436 
-100.433 
-100.437 
-100.451 
-100.476 
-100.514 
-100.566 
-100.637 
-100.729 
-100.848 
-101.002 
-101.203 
-101.465 
-101.751 
-101.979 
-102.15 
-102.277 
-102.372 
-102.439 
-102.485 
-102.511 
-102.521 
-102.516 
-102.498 
-102.469 
-102.429 
-102.38 
-102.322 
-102.256 
-102.182 
-102.102 
-102.015 
-101.922 
-101.824 
-101.722 
-101.614 
-101.502 
-101.387 
-101.268 
-101.145 
-101.02 
-100.893 
-100.763 
-100.631 
-100.498 
-100.364 
-100.23 
-100.095 
-99.9595 
-99.8248 
-99.6909 
-99.5582 
-99.427 
-99.2977 
-99.1707 
-99.0465 
-98.9253 
-98.8076 
-98.6938 
-98.5842 
-98.4792 
-98.3794 
-98.285 
-98.1965 
-98.1143 
-98.0391 
-97.9712 
-97.9113 
-97.8599 
-97.818 
-97.7862 
-97.7656 
-97.7572 
-97.7626 
-97.7835 
-97.8221 
-97.8813 
-97.9653 
-98.0799 
-98.2343 
-98.4415 
-98.6976 
-98.9223 
-99.0908 
-99.2163 
-99.3094 
-99.3769 
-99.4237 
-99.453 
-99.4676 
-99.4694 
-99.4602 
-99.4412 
-99.4138 
-99.3789 
-99.3375 
-99.2904 
-99.2384 
-99.1822 
-99.1225 
-99.0598 
-98.9948 
-98.9279 
-98.8596 
-98.7904 
-98.7207 
-98.651 
-98.5815 
-98.5126 
-98.4446 
-98.3778 
-98.3124 
-98.2487 
-98.1868 
-98.1271 
-98.0695 
-98.0144 
-97.9618 
-97.9119 
-97.8648 
-97.8206 
-97.7794 
-97.7413 
-97.7064 
-97.6748 
-97.6465 
-97.6216 
-97.6001 
-97.5822 
-97.5679 
-97.5572 
-97.5502 
-97.547 
-97.5476 
-97.552 
-97.5604 
-97.5727 
-97.5889 
-97.6093 
-97.6337 
-97.6624 
-97.6952 
-97.7323 
-97.7737 
-97.8196 
-97.8699 
-97.9247 
-97.9841 
-98.0482 
-98.1169 
-98.1904 
-98.2687 
-98.3518 
-98.4397 
-98.5322 
-98.6294 
-98.7309 
-98.8366 
-98.9459 
-99.0584 
-99.1734 
-99.2899 
-99.4069 
-99.5233 
-99.6377 
-99.7489 
-99.8556 
-99.9566 
-100.051 
-100.138 
-100.217 
-100.287 
-100.35 
-100.403 
-100.449 
-100.486 
-100.516 
-100.538 
-100.553 
-100.562 
-100.564 
-100.561 
-100.552 
-100.538 
-100.518 
-100.494 
-100.466 
-100.433 
-100.397 
-100.356 
-100.312 
-100.265 
-100.214 
-100.16 
-100.103 
-100.043 
-99.9803 
-99.9148 
-99.8468 
-99.7762 
-99.7031 
-99.6277 
-99.5501 
-99.4703 
-99.3883 
-99.3044 
-99.2185 
-99.1308 
-99.0413 
-98.9502 
-98.8576 
-98.7635 
-98.6682 
-98.5717 
-98.4742 
-98.3758 
-98.2767 
-98.1772 
-98.0773 
-97.9774 
-97.8777 
-97.7784 
-97.6798 
-97.5822 
-97.4859 
-97.3912 
-97.2984 
-97.2079 
-97.1201 
-97.0354 
-96.954 
-96.8765 
-96.8032 
-96.7346 
-96.6711 
-96.6132 
-96.5615 
-96.5165 
-96.4789 
-96.4493 
-96.4288 
-96.4181 
-96.4185 
-96.4315 
-96.4589 
-96.5031 
-96.5675 
-96.6568 
-96.7785 
-96.9434 
-97.1504 
-97.3345 
-97.4712 
-97.5711 
-97.6433 
-97.6934 
-97.7256 
-97.7425 
-97.7462 
-97.7385 
-97.7205 
-97.6934 
-97.658 
-97.6152 
-97.5657 
-97.5099 
-97.4485 
-97.3819 
-97.3107 
-97.2352 
-97.1559 
-97.0731 
-96.9873 
-96.8987 
-96.8077 
-96.7148 
-96.6201 
-96.5241 
-96.4271 
-96.3293 
-96.231 
-96.1326 
-96.0343 
-95.9363 
-95.8388 
-95.7422 
-95.6466 
-95.5522 
-95.4591 
-95.3676 
-95.2777 
-95.1897 
-95.1037 
-95.0197 
-94.938 
-94.8586 
-94.7817 
-94.7073 
-94.6355 
-94.5666 
-94.5006 
-94.4376 
-94.3777 
-94.3211 
-94.2679 
-94.2183 
-94.1724 
-94.1304 
-94.0925 
-94.0589 
-94.0298 
-94.0055 
-93.9862 
-93.9724 
-93.9643 
-93.9623 
-93.9669 
-93.9786 
-93.9979 
-94.0257 
-94.0625 
-94.1093 
-94.1671 
-94.237 
-94.3206 
-94.4194 
-94.5356 
-94.6719 
-94.8317 
-95.0198 
-95.2433 
-95.5126 
-95.8313 
-96.1453 
-96.4242 
-96.6781 
-96.9165 
-97.1462 
-97.3722 
-97.5986 
-97.8293 
-98.0684 
-98.3205 
-98.5917 
-98.8906 
-99.2277 
-99.5832 
-99.8972 
-100.168 
-100.406 
-100.618 
-100.809 
-100.982 
-101.14 
-101.285 
-101.417 
-101.539 
-101.651 
-101.753 
-101.848 
-101.934 
-102.014 
-102.086 
-102.152 
-102.212 
-102.267 
-102.315 
-102.359 
-102.398 
-102.432 
-102.462 
-102.487 
-102.509 
-102.526 
-102.54 
-102.55 
-102.557 
-102.561 
-102.561 
-102.559 
-102.553 
-102.545 
-102.535 
-102.522 
-102.507 
-102.49 
-102.471 
-102.451 
-102.428 
-102.405 
-102.38 
-102.355 
-102.328 
-102.302 
-102.275 
-102.248 
-102.222 
-102.197 
-102.173 
-102.151 
-102.131 
-102.114 
-102.1 
-102.091 
-102.086 
-102.087 
-102.095 
-102.112 
-102.137 
-102.175 
-102.226 
-102.295 
-102.385 
-102.506 
-102.666 
-102.848 
-102.994 
-103.102 
-103.182 
-103.238 
-103.277 
-103.301 
-103.313 
-103.313 
-103.304 
-103.286 
-103.26 
-103.228 
-103.189 
-103.144 
-103.094 
-103.039 
-102.979 
-102.915 
-102.847 
-102.776 
-102.701 
-102.623 
-102.542 
-102.459 
-102.373 
-102.285 
-102.195 
-102.103 
-102.01 
-101.915 
-101.82 
-101.723 
-101.626 
-101.529 
-101.432 
-101.334 
-101.237 
-101.141 
-101.046 
-100.952 
-100.86 
-100.769 
-100.681 
-100.595 
-100.511 
-100.431 
-100.353 
-100.279 
-100.209 
-100.143 
-100.082 
-100.025 
-99.9737 
-99.9281 
-99.8886 
-99.856 
-99.8308 
-99.8138 
-99.8059 
-99.8085 
-99.8228 
-99.851 
-99.8958 
-99.961 
-100.053 
-100.179 
-100.341 
-100.484 
-100.59 
-100.665 
-100.719 
-100.754 
-100.776 
-100.785 
-100.784 
-100.775 
-100.757 
-100.733 
-100.703 
-100.667 
-100.627 
-100.583 
-100.535 
-100.483 
-100.429 
-100.373 
-100.314 
-100.254 
-100.193 
-100.131 
-100.068 
-100.005 
-99.9415 
-99.8783 
-99.8156 
-99.7534 
-99.692 
-99.6316 
-99.5724 
-99.5144 
-99.4579 
-99.4029 
-99.3496 
-99.2981 
-99.2484 
-99.2008 
-99.1552 
-99.1117 
-99.0705 
-99.0315 
-98.9949 
-98.9607 
-98.929 
-98.8999 
-98.8733 
-98.8494 
-98.8281 
-98.8097 
-98.794 
-98.7812 
-98.7714 
-98.7645 
-98.7607 
-98.76 
-98.7625 
-98.7683 
-98.7774 
-98.7899 
-98.8059 
-98.8256 
-98.8489 
-98.8761 
-98.9072 
-98.9424 
-98.9818 
-99.0256 
-99.0739 
-99.1268 
-99.1846 
-99.2474 
-99.3153 
-99.3884 
-99.4668 
-99.5505 
-99.6394 
-99.7332 
-99.8314 
-99.9334 
-100.038 
-100.144 
-100.251 
-100.355 
-100.457 
-100.554 
-100.645 
-100.729 
-100.805 
-100.874 
-100.935 
-100.989 
-101.034 
-101.073 
-101.105 
-101.13 
-101.149 
-101.163 
-101.171 
-101.174 
-101.173 
-101.167 
-101.157 
-101.143 
-101.126 
-101.105 
-101.08 
-101.053 
-101.023 
-100.99 
-100.954 
-100.915 
-100.875 
-100.831 
-100.786 
-100.738 
-100.688 
-100.636 
-100.582 
-100.526 
-100.468 
-100.409 
-100.347 
-100.284 
-100.22 
-100.154 
-100.086 
-100.017 
-99.9467 
-99.8751 
-99.8024 
-99.7287 
-99.6539 
-99.5784 
-99.5021 
-99.4252 
-99.3479 
-99.2703 
-99.1926 
-99.1149 
-99.0374 
-98.9604 
-98.884 
-98.8085 
-98.7341 
-98.6611 
-98.5897 
-98.5201 
-98.4528 
-98.3878 
-98.3256 
-98.2665 
-98.2106 
-98.1585 
-98.1105 
-98.0669 
-98.0282 
-97.9949 
-97.9675 
-97.9467 
-97.9331 
-97.9277 
-97.9317 
-97.9464 
-97.9738 
-98.0165 
-98.0785 
-98.1658 
-98.2862 
-98.4267 
-98.539 
-98.6194 
-98.676 
-98.7142 
-98.7377 
-98.7491 
-98.75 
-98.742 
-98.726 
-98.703 
-98.6737 
-98.6386 
-98.5983 
-98.5533 
-98.504 
-98.4507 
-98.3938 
-98.3337 
-98.2706 
-98.2048 
-98.1366 
-98.0662 
-97.994 
-97.9201 
-97.8449 
-97.7685 
-97.6913 
-97.6134 
-97.535 
-97.4564 
-97.3778 
-97.2993 
-97.2212 
-97.1437 
-97.0668 
-96.9908 
-96.9158 
-96.8419 
-96.7692 
-96.698 
-96.6282 
-96.5601 
-96.4937 
-96.4291 
-96.3664 
-96.3058 
-96.2473 
-96.191 
-96.137 
-96.0855 
-96.0366 
-95.9904 
-95.9469 
-95.9065 
-95.8691 
-95.8351 
-95.8045 
-95.7776 
-95.7547 
-95.7359 
-95.7216 
-95.7121 
-95.7079 
-95.7093 
-95.7169 
-95.7313 
-95.7533 
-95.7837 
-95.8237 
-95.8747 
-95.9386 
-96.0178 
-96.116 
-96.2386 
-96.3933 
-96.5765 
-96.7428 
-96.8804 
-96.9972 
-97.0992 
-97.1904 
-97.2737 
-97.3513 
-97.4249 
-97.4957 
-97.5651 
-97.6339 
-97.7031 
-97.7735 
-97.8458 
-97.921 
