-0.589305 
-1.46127 
-2.69493 
-4.26573 
-6.14785 
-8.31733 
-10.7543 
-13.444 
-16.3779 
-19.5536 
-22.9752 
-26.6541 
-30.6098 
-34.872 
-39.4834 
-44.5053 
-50.0263 
-56.1788 
-63.1684 
-71.3179 
-80.9605 
-90.6067 
-97.4979 
-102.016 
-104.882 
-106.574 
-107.412 
-107.619 
-107.362 
-106.77 
-105.946 
-104.974 
-103.923 
-102.847 
-101.791 
-100.786 
-99.8578 
-99.021 
-98.2857 
-97.6573 
-97.1376 
-96.7261 
-96.4213 
-96.2204 
-96.1209 
-96.1201 
-96.2158 
-96.4061 
-96.6901 
-97.0674 
-97.5385 
-98.1051 
-98.7695 
-99.5358 
-100.409 
-101.396 
-102.506 
-103.752 
-105.147 
-106.714 
-108.479 
-110.482 
-112.781 
-115.464 
-118.667 
-122.48 
-126.158 
-129.009 
-131.181 
-132.846 
-134.116 
-135.068 
-135.757 
-136.222 
-136.496 
-136.602 
-136.562 
-136.392 
-136.105 
-135.714 
-135.228 
-134.657 
-134.008 
-133.288 
-132.502 
-131.655 
-130.753 
-129.799 
-128.796 
-127.749 
-126.659 
-125.53 
-124.365 
-123.165 
-121.933 
-120.671 
-119.382 
-118.067 
-116.729 
-115.37 
-113.993 
-112.601 
-111.196 
-109.783 
-108.364 
-106.945 
-105.529 
-104.121 
-102.726 
-101.349 
-99.9949 
-98.6693 
-97.3765 
-96.121 
-94.9065 
-93.7362 
-92.6122 
-91.5361 
-90.5084 
-89.5288 
-88.5958 
-87.7074 
-86.8605 
-86.0513 
-85.2752 
-84.5272 
-83.8016 
-83.0924 
-82.3933 
-81.6978 
-80.9996 
-80.2921 
-79.5692 
-78.825 
-78.0536 
-77.2498 
-76.4082 
-75.5242 
-74.593 
-73.6103 
-72.5723 
-71.4756 
-70.3184 
-69.1012 
-67.8295 
-66.5161 
-65.1828 
-63.8582 
-62.5712 
-61.3439 
-60.1896 
-59.1145 
-58.1203 
-57.2071 
-56.3747 
-55.6235 
-54.955 
-54.3725 
-53.8815 
-53.4902 
-53.2114 
-53.0644 
-53.0789 
-53.3024 
-53.7978 
-54.4646 
-54.8878 
-55.0309 
-54.9654 
-54.7419 
-54.3945 
-53.9471 
-53.4173 
-52.8193 
-52.1641 
-51.4613 
-50.7188 
-49.9434 
-49.1411 
-48.3172 
-47.4763 
-46.6225 
-45.7595 
-44.8906 
-44.0188 
-43.1466 
-42.2766 
-41.4109 
-40.5516 
-39.7004 
-38.8591 
-38.0291 
-37.2119 
-36.4087 
-35.6206 
-34.8486 
-34.0937 
-33.3565 
-32.638 
-31.9386 
-31.2591 
-30.5999 
-29.9617 
-29.3452 
-28.7509 
-28.1796 
-27.6323 
-27.11 
-26.6141 
-26.1464 
-25.7091 
-25.3048 
-24.9375 
-24.612 
-24.335 
-24.116 
-23.9683 
-23.912 
-23.9773 
-24.2105 
-24.665 
-25.2373 
-25.6763 
-25.9958 
-26.2563 
-26.4956 
-26.7317 
-26.9689 
-27.2034 
-27.4282 
-27.6349 
-27.8161 
-27.9659 
-28.0798 
-28.1549 
-28.1894 
-28.1824 
-28.1337 
-28.0435 
-27.9122 
-27.7406 
-27.5293 
-27.2793 
-26.9912 
-26.666 
-26.3043 
-25.907 
-25.4746 
-25.0079 
-24.5074 
-23.9736 
-23.4072 
-22.8086 
-22.1783 
-21.5171 
-20.8257 
-20.105 
-19.3561 
-18.5802 
-17.7789 
-16.9538 
-16.1066 
-15.2394 
-14.3539 
-13.4521 
-12.5358 
-11.6068 
-10.6667 
-9.71671 
-8.75827 
-7.7924 
-6.82002 
-5.84188 
-4.85857 
-3.87055 
-2.87812 
-1.88146 
-0.880617 
0.124494 
1.13408 
2.1485 
3.16822 
4.19388 
5.22625 
6.26628 
7.31502 
8.37358 
9.44299 
10.5238 
11.6156 
12.716 
13.821 
14.9245 
16.0208 
17.1058 
18.1772 
19.2345 
20.2786 
21.3104 
22.3315 
23.3429 
24.3461 
25.342 
26.3318 
27.3163 
28.2964 
29.2729 
30.2464 
31.2175 
32.1869 
33.1549 
34.122 
35.0885 
36.0547 
37.0207 
37.9867 
38.9527 
39.9187 
40.8844 
41.8497 
42.8143 
43.7779 
44.7401 
45.7007 
46.6592 
47.6152 
48.5685 
49.5188 
50.4658 
51.4093 
52.3494 
53.2859 
54.2188 
55.1483 
56.0746 
56.9977 
57.9181 
58.8359 
59.7516 
60.6655 
61.5779 
62.4892 
63.3998 
64.3101 
65.2203 
66.1307 
67.0416 
67.9531 
68.8655 
69.7788 
70.6932 
71.6088 
72.5255 
73.4434 
74.3626 
75.2832 
76.2051 
77.1285 
78.0534 
78.98 
79.9085 
80.8391 
81.772 
82.7075 
83.6461 
84.5881 
85.534 
86.4844 
87.4398 
88.401 
89.3683 
90.3423 
91.3228 
92.3093 
93.3005 
94.295 
95.2907 
96.2861 
97.2794 
98.2692 
99.2543 
100.234 
101.206 
102.172 
103.131 
104.082 
105.027 
105.964 
106.896 
107.822 
108.742 
109.657 
110.568 
111.474 
112.377 
113.277 
114.174 
115.068 
115.961 
116.851 
117.74 
118.628 
119.515 
120.402 
121.288 
122.174 
123.06 
123.945 
124.831 
125.717 
126.603 
127.489 
128.375 
129.26 
130.145 
131.028 
131.91 
132.791 
133.671 
134.548 
135.423 
136.296 
137.167 
138.034 
138.899 
139.761 
140.621 
141.477 
142.331 
143.182 
144.031 
144.877 
145.722 
146.564 
147.406 
148.246 
149.085 
149.924 
150.763 
151.603 
152.443 
153.285 
154.129 
154.974 
155.822 
156.673 
157.527 
158.384 
159.245 
160.11 
160.979 
161.852 
162.729 
163.611 
164.498 
165.389 
166.285 
167.187 
168.094 
169.006 
169.924 
170.848 
171.778 
172.715 
173.657 
174.605 
175.558 
176.515 
177.475 
178.438 
179.403 
180.369 
181.337 
182.305 
183.273 
184.242 
185.211 
186.179 
187.146 
188.113 
189.079 
190.045 
191.009 
191.971 
192.933 
193.892 
194.851 
195.807 
196.761 
197.714 
198.664 
199.612 
200.558 
201.501 
202.441 
203.379 
204.314 
205.246 
206.174 
207.1 
208.022 
208.941 
209.857 
210.768 
211.676 
212.58 
213.48 
214.375 
215.266 
216.153 
217.036 
217.914 
218.788 
219.658 
220.524 
221.387 
222.246 
223.101 
223.954 
224.803 
225.648 
226.491 
227.331 
228.167 
229.001 
229.832 
230.661 
231.486 
232.309 
233.13 
233.948 
234.763 
235.576 
236.386 
237.194 
237.999 
238.802 
239.602 
240.401 
241.196 
241.99 
242.781 
243.57 
244.356 
245.14 
245.922 
246.702 
247.479 
248.253 
249.026 
249.796 
250.564 
251.329 
252.092 
252.853 
253.611 
254.367 
255.121 
255.872 
256.621 
257.367 
258.111 
258.853 
259.592 
260.329 
261.063 
261.795 
262.525 
263.252 
263.977 
264.699 
265.419 
266.137 
266.852 
267.565 
268.276 
268.984 
269.69 
270.393 
271.094 
271.793 
272.49 
273.184 
273.877 
274.567 
275.254 
275.94 
276.624 
277.306 
277.985 
278.663 
279.339 
280.013 
280.685 
281.356 
282.024 
282.691 
283.357 
284.02 
284.682 
285.342 
286 
286.656 
287.31 
287.962 
288.612 
289.26 
289.906 
290.549 
291.19 
291.829 
292.465 
293.098 
293.729 
294.358 
294.984 
295.607 
296.227 
296.845 
297.459 
298.071 
298.68 
299.286 
299.889 
300.489 
301.086 
301.679 
302.27 
302.857 
303.44 
304.02 
304.596 
305.169 
305.737 
306.302 
306.862 
307.419 
307.971 
308.518 
309.062 
309.601 
310.137 
310.667 
311.194 
311.716 
312.234 
312.748 
313.257 
313.761 
314.261 
314.757 
315.247 
315.733 
316.213 
316.689 
317.158 
317.622 
318.08 
318.531 
318.977 
319.415 
319.848 
320.276 
320.697 
321.114 
321.526 
321.933 
322.336 
322.734 
323.128 
323.518 
323.904 
324.286 
324.664 
325.039 
325.409 
325.777 
326.141 
326.501 
326.858 
327.212 
327.562 
327.909 
328.253 
328.593 
328.929 
329.262 
329.592 
329.918 
330.241 
330.56 
330.875 
331.187 
331.496 
331.8 
332.102 
332.399 
332.694 
332.984 
333.271 
333.555 
333.836 
334.113 
334.386 
334.656 
334.923 
335.187 
335.447 
335.704 
335.958 
336.209 
336.456 
336.701 
336.942 
337.18 
337.415 
337.647 
337.876 
338.102 
338.325 
338.545 
338.762 
338.976 
339.188 
339.397 
339.603 
339.806 
340.007 
340.206 
340.402 
340.595 
340.786 
340.975 
341.162 
341.346 
341.528 
341.709 
341.887 
342.063 
342.237 
342.41 
342.581 
342.749 
342.917 
343.082 
343.246 
343.409 
343.57 
343.729 
343.887 
344.044 
344.199 
344.353 
344.505 
344.656 
344.805 
344.953 
345.099 
345.243 
345.386 
345.527 
345.666 
345.803 
345.937 
346.07 
346.2 
346.327 
346.451 
346.572 
346.689 
346.803 
346.912 
347.016 
347.115 
347.209 
347.296 
347.375 
347.447 
347.509 
347.56 
347.599 
347.623 
347.631 
347.617 
347.578 
347.506 
347.389 
347.213 
347.008 
346.856 
346.761 
346.706 
346.684 
346.686 
346.707 
346.745 
346.797 
346.859 
346.931 
347.011 
347.096 
347.187 
347.281 
347.378 
347.476 
347.575 
347.674 
347.771 
347.866 
347.957 
348.043 
348.123 
348.196 
348.259 
348.312 
348.35 
348.372 
348.374 
348.349 
348.292 
348.189 
348.028 
347.843 
347.709 
347.626 
347.579 
347.559 
347.56 
347.577 
347.607 
347.647 
347.696 
347.751 
347.81 
347.874 
347.94 
348.008 
348.076 
348.143 
348.21 
348.273 
348.334 
348.39 
348.441 
348.485 
348.521 
348.549 
348.565 
348.569 
348.557 
348.526 
348.472 
348.389 
348.267 
348.093 
347.878 
347.701 
347.578 
347.497 
347.446 
347.42 
347.414 
347.424 
347.449 
347.487 
347.535 
347.594 
347.66 
347.735 
347.817 
347.905 
348 
348.099 
348.204 
348.314 
348.428 
348.546 
348.668 
348.794 
348.924 
349.056 
349.193 
349.332 
349.474 
349.619 
349.767 
349.918 
350.071 
350.227 
350.386 
350.547 
350.71 
350.876 
351.044 
351.215 
351.388 
351.564 
351.742 
351.922 
352.104 
352.289 
352.476 
352.665 
352.856 
353.05 
353.246 
353.445 
353.645 
353.848 
354.053 
354.26 
354.47 
354.682 
354.896 
355.113 
355.332 
355.553 
355.776 
356.002 
356.23 
356.46 
356.693 
356.928 
357.165 
357.404 
357.646 
357.89 
358.136 
358.384 
358.634 
358.886 
359.14 
359.396 
359.653 
359.913 
360.174 
360.436 
360.7 
360.966 
361.233 
361.502 
361.772 
362.043 
362.316 
362.59 
362.865 
363.142 
363.42 
363.699 
363.98 
364.261 
364.545 
364.83 
365.116 
365.403 
365.693 
365.984 
366.276 
366.57 
366.867 
367.165 
367.464 
367.766 
368.069 
368.373 
368.678 
368.985 
369.292 
369.6 
369.909 
370.219 
370.529 
370.84 
371.151 
371.462 
371.773 
372.085 
372.397 
372.709 
373.02 
373.332 
373.643 
373.954 
374.265 
374.575 
374.884 
375.193 
375.501 
375.808 
376.115 
376.42 
376.724 
377.028 
377.329 
377.63 
377.929 
378.227 
378.524 
378.818 
379.111 
379.402 
379.692 
379.979 
380.264 
380.546 
380.827 
381.105 
381.381 
381.655 
381.927 
382.198 
382.466 
382.733 
382.998 
383.262 
383.524 
383.785 
384.045 
384.303 
384.561 
384.817 
385.072 
385.325 
385.578 
385.83 
386.082 
386.332 
386.581 
386.83 
387.078 
387.326 
387.573 
387.819 
388.065 
388.311 
388.556 
388.8 
389.044 
389.288 
389.532 
389.775 
390.018 
390.26 
390.503 
390.745 
390.987 
391.229 
391.471 
391.712 
391.953 
392.195 
392.436 
392.677 
392.918 
393.159 
393.4 
393.641 
393.882 
394.123 
394.364 
394.605 
394.846 
395.088 
395.329 
395.571 
395.813 
396.055 
396.298 
396.541 
396.784 
397.027 
397.271 
397.515 
397.76 
398.006 
398.251 
398.498 
398.745 
398.993 
399.242 
399.492 
399.743 
399.994 
400.246 
400.499 
400.753 
401.007 
401.261 
401.516 
401.771 
402.026 
402.281 
402.536 
402.791 
403.046 
403.3 
403.555 
403.809 
404.063 
404.317 
404.571 
404.824 
405.077 
405.329 
405.581 
405.832 
406.083 
406.333 
406.583 
406.832 
407.08 
407.328 
407.576 
407.822 
408.069 
408.314 
408.559 
408.804 
409.048 
409.291 
409.534 
409.776 
410.019 
410.26 
410.501 
410.742 
410.983 
411.223 
411.463 
411.702 
411.942 
412.181 
412.42 
412.658 
412.897 
413.135 
413.374 
413.612 
413.85 
414.087 
414.325 
414.563 
414.8 
415.037 
415.274 
415.511 
415.748 
415.985 
416.221 
416.458 
416.694 
416.93 
417.166 
417.402 
417.638 
417.874 
418.11 
418.347 
418.584 
418.821 
419.058 
419.295 
419.533 
419.771 
420.008 
420.246 
420.484 
420.721 
420.959 
421.197 
421.435 
421.672 
421.91 
422.148 
422.386 
422.624 
422.862 
423.1 
423.338 
423.576 
423.814 
424.052 
424.29 
424.528 
424.766 
425.004 
425.242 
425.481 
425.719 
425.957 
426.195 
426.433 
426.671 
426.909 
427.147 
427.385 
427.623 
427.861 
428.098 
428.335 
428.573 
428.81 
429.046 
429.283 
429.519 
429.754 
429.99 
430.225 
430.459 
430.694 
430.927 
431.16 
431.393 
431.625 
431.857 
432.088 
432.318 
432.548 
432.777 
433.006 
433.233 
433.461 
433.687 
433.913 
434.138 
434.362 
434.586 
434.809 
435.031 
435.252 
435.473 
435.693 
435.912 
436.13 
436.348 
436.565 
436.781 
436.996 
437.21 
437.423 
437.636 
437.848 
438.059 
438.269 
438.478 
438.687 
438.894 
439.101 
439.307 
439.512 
439.716 
439.919 
440.121 
440.322 
440.523 
440.722 
440.921 
441.118 
441.315 
441.511 
441.705 
441.899 
442.092 
442.284 
442.475 
442.665 
442.854 
443.042 
443.229 
443.415 
443.6 
443.785 
443.968 
444.15 
444.331 
444.511 
444.69 
444.867 
445.044 
445.22 
445.395 
445.568 
445.74 
445.912 
446.082 
446.251 
446.419 
446.586 
446.752 
446.917 
447.08 
447.243 
447.404 
447.565 
447.725 
447.883 
448.041 
448.198 
448.354 
448.51 
448.664 
448.818 
448.972 
449.125 
449.278 
449.43 
449.582 
449.734 
449.886 
450.038 
450.19 
450.343 
450.496 
450.65 
450.804 
450.96 
451.116 
451.272 
451.43 
451.587 
451.746 
451.905 
452.064 
452.223 
452.382 
452.541 
452.7 
452.858 
453.016 
453.173 
453.33 
453.486 
453.641 
453.795 
453.948 
454.1 
454.251 
454.401 
454.549 
454.696 
454.841 
454.985 
455.127 
455.267 
455.406 
455.543 
455.678 
455.811 
455.941 
456.07 
456.196 
456.32 
456.441 
456.559 
456.675 
456.787 
456.897 
457.003 
457.105 
457.204 
457.299 
457.389 
457.476 
457.558 
457.636 
457.709 
457.777 
457.84 
457.899 
457.951 
457.999 
458.04 
458.076 
458.104 
458.126 
458.14 
458.146 
458.142 
458.127 
458.1 
458.058 
457.998 
457.914 
457.798 
457.653 
457.525 
457.431 
457.365 
457.318 
457.288 
457.271 
457.266 
457.271 
457.285 
457.307 
457.336 
457.372 
457.414 
457.461 
457.515 
457.573 
457.636 
457.704 
457.776 
457.853 
457.933 
458.017 
458.104 
458.195 
458.289 
458.386 
458.485 
458.588 
458.692 
458.799 
458.909 
459.02 
459.133 
459.248 
459.365 
459.483 
459.603 
459.724 
459.847 
459.971 
460.096 
460.222 
460.35 
460.479 
460.609 
460.74 
460.872 
461.006 
461.14 
461.276 
461.414 
461.552 
461.693 
461.834 
461.977 
462.122 
462.267 
462.414 
462.562 
462.711 
462.862 
463.013 
463.166 
463.319 
463.473 
463.627 
463.782 
463.938 
464.094 
464.251 
464.407 
464.565 
464.722 
464.88 
465.038 
465.196 
465.354 
465.512 
465.67 
465.829 
465.987 
466.145 
466.303 
466.461 
466.618 
466.776 
466.933 
467.09 
467.247 
467.403 
467.559 
467.715 
467.87 
468.025 
468.18 
468.334 
468.488 
468.642 
468.795 
468.948 
469.1 
469.252 
469.403 
469.554 
469.705 
469.855 
470.005 
470.154 
470.303 
470.451 
470.599 
470.746 
470.893 
471.04 
