0.556898   
0.708335   
0.788028   
0.829164   
0.841178   
0.847553   
0.860922   
0.860675   
0.860801   
0.858928   
0.857928   
0.865051   
0.863424   
0.862174   
0.863174   
0.857801   
0.863174   
0.85855   
0.854301   
0.855799   
0.856551   
0.864176   
0.854929   
0.859802   
0.860552   
0.863801   
0.861177   
0.853555   
0.857927   
0.855678   
0.862174   
0.856048   
0.855551   
0.854804   
0.857427   
0.858051   
0.862299   
0.85955   
0.859302   
0.859177   
0.848805   
0.861551   
0.858303   
0.866423   
0.861426   
0.857928   
0.859303   
0.851556   
0.858303   
0.865799   
0.858926   
0.856303   
0.860675   
0.856927   
0.858927   
0.859803   
0.860301   
0.864675   
0.864549   
0.850554   
0.856054   
0.857927   
0.857553   
0.864675   
0.854928   
0.855052   
0.855801   
0.85855   
0.865799   
0.862426   
0.866424   
0.861427   
0.859802   
0.852429   
0.8618   
0.862424   
0.856304   
0.85368   
0.865175   
0.855178   
0.865673   
0.861425   
0.853428   
0.862299   
0.85343   
0.8613   
0.866675   
0.863551   
0.8658   
0.865176   
0.860674   
0.855052   
0.853177   
0.864801   
0.863676   
0.869048   
0.856428   
0.853178   
0.849431   
0.85068   
0.857677   
