0.556898   
0.838795   
0.94085   
0.978362   
0.994623   
0.998625   
0.999249    
1
1  
1   
1   
1   
1   
1   
1   
1   
1   
1   
1   
1   
1   
1   
1   
1   
1   
1   
1   
1   
1   
1   
1   
1   
1   
1   
1   
1   
1   
1   
1   
1   
1   
1   
1   
1   
1   
1   
1   
1   
1   
1   
1   
1   
1   
1   
1   
1   
1   
1   
1   
1   
1   
1   
1   
1   
1   
1   
1   
1   
1   
1   
1   
1   
1   
1   
1   
1   
1   
1   
1   
1   
1   
1   
1   
1   
1   
1   
1   
1   
1   
1   
1   
1   
1   
1   
1   
1   
1   
1   
1   
1   
1   
