0.556898   
0.783689   
0.878498   
0.923508   
0.942268   
0.949018   
0.954266   
0.953143   
0.951143   
0.949894   
0.953268   
0.953018   
0.952268   
0.956766   
0.954392   
0.953892   
0.952143   
0.950893   
0.953143   
0.951768   
0.950519   
0.954767   
0.952518   
0.953767   
0.954517   
0.954017   
0.955017   
0.951393   
0.952643   
0.952393   
0.952393   
0.951268   
0.951518   
0.948144   
0.952393   
0.954142   
0.954267   
0.953767   
0.954017   
0.953392   
0.952768   
0.950394   
0.950644   
0.955267   
0.954017   
0.950644   
0.950893   
0.948644   
0.946395   
0.951018   
0.954142   
0.949769   
0.950269   
0.949019   
0.951768   
0.950269   
0.953767   
0.951143   
0.957641   
0.952268   
0.952018   
0.954392   
0.951518   
0.953767   
0.951268   
0.952268   
0.953517   
0.952268   
0.954142   
0.948519   
0.952268   
0.951393   
0.950768   
0.953892   
0.957141   
0.956016   
0.949644   
0.953018   
0.954892   
0.953892   
0.958765   
0.949769   
0.948144   
0.951393   
0.945645   
0.950519   
0.959015   
0.954017   
0.954517   
0.957641   
0.955517   
0.958266   
0.956515   
0.954517   
0.954392   
0.955017   
0.952393   
0.951643   
0.948894   
0.947395   
0.951893   
