0.556898   
0.594961   
0.631775   
0.644913   
0.651428   
0.638929   
0.643932   
0.652682   
0.652436   
0.66144   
0.672944   
0.67932   
0.677316   
0.679692   
0.673946   
0.67344   
0.677563   
0.678821   
0.675327   
0.677074   
0.675819   
0.677187   
0.663437   
0.669687   
0.661682   
0.670686   
0.669442   
0.669936   
0.659046   
0.650796   
0.660306   
0.659684   
0.663936   
0.670317   
0.672834   
0.666927   
0.657678   
0.653064   
0.668568   
0.65994   
0.666195   
0.66782   
0.671943   
0.672688   
0.652545   
0.649422   
0.664795   
0.662436   
0.673566   
0.676069   
0.671817   
0.669564   
0.66606   
0.650921   
0.660926   
0.654806   
0.661304   
0.676433   
0.674688   
0.651447   
0.654691   
0.654807   
0.673441   
0.666824   
0.658437   
0.656681   
0.652302   
0.656688   
0.660687   
0.664431   
0.67019   
0.671945   
0.663069   
0.653936   
0.670194   
0.665939   
0.665057   
0.656809   
0.675691   
0.656567   
0.670186   
0.661066   
0.672692   
0.671564   
0.656809   
0.657061   
0.657183   
0.649671   
0.658421   
0.655301   
0.646682   
0.653433   
0.652545   
0.662685   
0.663941   
0.670684   
0.657804   
0.658435   
0.656683   
0.658188   
0.66932   
