0.556898   
0.370043   
0.251705   
0.173997   
0.131199   
0.0650112   
0.0187091   
-0.0253391   
-0.0165849   
-0.0193395   
-0.0159517   
-0.0312073   
-0.0488641   
-0.0333483   
-0.0685062   
-0.0377217   
-0.0380947   
-0.0512476   
-0.0182018   
-0.0268583   
-0.0286011   
-0.00982994   
0.0379641   
0.0320988   
0.0280909   
0.0315924   
0.0108211   
0.0121984   
-0.0491262   
0.00456501   
0.00420329   
0.023695   
0.0144391   
0.0162176   
-0.0107065   
0.00507046   
0.023572   
-0.00445132   
-0.0195922   
-0.00958003   
0.0153288   
-0.0182065   
0.021087   
-0.0299793   
-0.00457628   
0.00406332   
0.0288566   
-0.00168734   
-0.00444006   
0.0332337   
0.0262138   
0.0244804   
0.00858135   
0.0305891   
0.034968   
-0.00731211   
0.0104594   
0.00256952   
-0.0389816   
-0.0407422   
-0.011693   
-0.0284827   
-0.0474831   
-0.00256295   
-0.0406097   
-0.0174624   
-0.0334733   
-0.0215943   
-0.012701   
-0.0164637   
-0.0274577   
-0.000694281   
0.0562448   
0.0646251   
0.0268498   
0.0318602   
0.0255881   
0.00757234   
-0.015932   
-0.0123196   
-0.0172012   
-0.00657928   
-0.0153298   
-0.000921662   
-0.00895057   
-0.0280806   
-0.0332318   
-0.000338193   
-0.0240849   
-0.0180693   
-0.0183333   
-5.91916e-05   
0.0141018   
-0.0328636   
-0.0253401   
-0.015202   
-0.019332   
-0.0230759   
0.0114337   
0.0203316   
0.0285832   
