0.556898   
0.519665   
0.541105   
0.537982   
0.544232   
0.540619   
0.532984   
0.530864   
0.531121   
0.534865   
0.551257   
0.562884   
0.558368   
0.558746   
0.54637   
0.555374   
0.563753   
0.557498   
0.563769   
0.570403   
0.563132   
0.575265   
0.549371   
0.565133   
0.563508   
0.561257   
0.555745   
0.565378   
0.557868   
0.55173   
0.566504   
0.558378   
0.562624   
0.553989   
0.557391   
0.542112   
0.56088   
0.55126   
0.563387   
0.545008   
0.547012   
0.553503   
0.565896   
0.565506   
0.558497   
0.538848   
0.553485   
0.55563   
0.564642   
0.56239   
0.546744   
0.547613   
0.544123   
0.535986   
0.534485   
0.543494   
0.543606   
0.556991   
0.549755   
0.532874   
0.536   
0.531737   
0.561758   
0.551387   
0.543865   
0.556505   
0.553628   
0.558891   
0.561386   
0.552236   
0.566128   
0.585654   
0.563018   
0.55075   
0.566001   
0.550118   
0.535476   
0.53661   
0.542612   
0.521099   
0.546972   
0.544742   
0.551124   
0.550494   
0.539491   
0.52936   
0.527984   
0.523488   
0.549864   
0.542483   
0.520608   
0.523859   
0.523847   
0.536121   
0.539617   
0.54399   
0.54825   
0.546236   
0.525358   
0.527109   
0.543622   
