0.556898   
0.655095   
0.709916   
0.737556   
0.747067   
0.747189   
0.755943   
0.753947   
0.753324   
0.757452   
0.765075   
0.766324   
0.76982   
0.770073   
0.769702   
0.766702   
0.775322   
0.767077   
0.755706   
0.755576   
0.760699   
0.766446   
0.750951   
0.758817   
0.761694   
0.766824   
0.760572   
0.761825   
0.763573   
0.759197   
0.760073   
0.763197   
0.761327   
0.761457   
0.766831   
0.76357   
0.76282   
0.761198   
0.765825   
0.763827   
0.75408   
0.762203   
0.763953   
0.760447   
0.748449   
0.746572   
0.761445   
0.763706   
0.767576   
0.774826   
0.757699   
0.763323   
0.762443   
0.755943   
0.760696   
0.753576   
0.760195   
0.766445   
0.766824   
0.746329   
0.756456   
0.759201   
0.767952   
0.7677   
0.761573   
0.760579   
0.756454   
0.762573   
0.766821   
0.759821   
0.766328   
0.767199   
0.752705   
0.746202   
0.763825   
0.760574   
0.764704   
0.760826   
0.772822   
0.758078   
0.763442   
0.761076   
0.753699   
0.751696   
0.755201   
0.763951   
0.756447   
0.755196   
0.752941   
0.757573   
0.752198   
0.755072   
0.760696   
0.76582   
0.760947   
0.772194   
0.756442   
0.754571   
0.750824   
0.748454   
0.7587   
