0.544619   
0.83191   
0.939095   
0.977366   
0.991246   
0.996874   
0.999   
0.99975   
1   
1   
1   
1   
1   
1   
1   
1   
1   
1   
1   
1   
1   
1   
1   
1   
1   
1   
1   
1   
1   
1   
1   
1   
1   
1   
1   
1   
1   
1   
1   
1   
1   
1   
1   
1   
1   
1   
1   
1   
1   
1   
1   
1   
1   
1   
1   
1   
1   
1   
1   
1   
1   
1   
1   
1   
1   
1   
1   
1   
1   
1   
1   
1   
1   
1   
1   
1   
1   
1   
1   
1   
1   
1   
1   
1   
1   
1   
1   
1   
1   
1   
1   
1   
1   
1   
1   
1   
1   
1   
1   
1   
1   
