0.671447   
0.887695   
0.956856   
0.984369   
0.99625   
0.99875   
0.999625   
0.99975   
1   
1   
1   
1   
1   
1   
1   
1   
1   
1   
1   
1   
1   
1   
1   
1   
1   
1   
1   
1   
1   
1   
1   
1   
1   
1   
1   
1   
1   
1   
1   
1   
1   
1   
1   
1   
1   
1   
1   
1   
1   
1   
1   
1   
1   
1   
1   
1   
1   
1   
1   
1   
1   
1   
1   
1   
1   
1   
1   
1   
1   
1   
1   
1   
1   
1   
1   
1   
1   
1   
1   
1   
1   
1   
1   
1   
1   
1   
1   
1   
1   
1   
1   
1   
1   
1   
1   
1   
1   
1   
1   
1   
1   
