0.359286   
0.762872   
0.915706   
0.966107   
0.98937   
0.996998   
0.998624   
1   
1   
1   
1   
1   
1   
1   
1   
1   
1   
1   
1   
1   
1   
1   
1   
1   
1   
1   
1   
1   
1   
1   
1   
1   
1   
1   
1   
1   
1   
1   
1   
1   
1   
1   
1   
1   
1   
1   
1   
1   
1   
1   
1   
1   
1   
1   
1   
1   
1   
1   
1   
1   
1   
1   
1   
1   
1   
1   
1   
1   
1   
1   
1   
1   
1   
1   
1   
1   
1   
1   
1   
1   
1   
1   
1   
1   
1   
1   
1   
1   
1   
1   
1   
1   
1   
1   
1   
1   
1   
1   
1   
1   
1   
